     0  -14 -4.2821018532626555E-08
     0  -13 -8.3344551114657213E-07
     0  -12  2.0056191407502254E-06
     0  -11 -4.4939524289951260E-06
     0  -10  1.8227131932474833E-07
     0   -9 -3.4514895683455868E-08
     0   -8  2.0268408142819540E-07
     0   -7 -2.0527599569340094E-07
     0   -6 -9.1647693646841395E-08
     0   -5 -8.9165104364670472E-07
     0   -4  7.9408587281733972E-07
     0   -3 -1.9642900829040550E-06
     0   -2  1.8296613191209006E-06
     0   -1 -2.0537475228729565E-06
     0    0  0.0000000000000000E+00
     0    1  2.0537475228729565E-06
     0    2 -1.8296613191209006E-06
     0    3  1.9642900829040550E-06
     0    4 -7.9408587281733972E-07
     0    5  8.9165104364670472E-07
     0    6  9.1647693646841395E-08
     0    7  2.0527599569340094E-07
     0    8 -2.0268408142819540E-07
     0    9  3.4514895683455868E-08
     0   10 -1.8227131932474833E-07
     0   11  4.4939524289951260E-06
     0   12 -2.0056191407502254E-06
     0   13  8.3344551114657213E-07
     0   14  4.2821018532626555E-08
     1  -14 -6.8986503595556218E-07
     1  -13  1.8710467768193488E-06
     1  -12 -5.1356624760769754E-06
     1  -11  2.2514579408868637E-06
     1  -10  1.6633198867683118E-06
     1   -9 -7.2327516332947015E-08
     1   -8 -2.4106055183067569E-08
     1   -7 -2.2859879161797501E-06
     1   -6  1.6540616939255584E-06
     1   -5 -1.7887901991244247E-06
     1   -4  1.8275054689472377E-07
     1   -3 -7.5483484310401653E-07
     1   -2  1.1473711921935918E-06
     1   -1 -5.7526659368998320E-06
     1    0 -3.6669421144610715E-06
     1    1  2.5931129314084050E-07
     1    2 -1.2680350458826952E-07
     1    3  8.9208766821900805E-07
     1    4 -3.8975929960947899E-06
     1    5  4.2556417023515926E-06
     1    6 -4.0035733854465054E-06
     1    7  6.4650963279137333E-07
     1    8  6.8770831224735106E-07
     1    9  1.1429790904485843E-06
     1   10 -3.1666124687494639E-06
     1   11 -8.8310648704284689E-06
     1   12  2.1874319721960157E-06
     1   13  1.0845745891494045E-06
     1   14 -8.4626048149426380E-07
     2  -14  4.9375973672555867E-07
     2  -13 -1.2908662853502593E-06
     2  -12 -1.5049868106792647E-07
     2  -11 -5.5952606036563827E-06
     2  -10  3.0154474931244606E-07
     2   -9 -1.0059559837894460E-06
     2   -8 -9.3540137629801349E-07
     2   -7  1.2963379051128718E-07
     2   -6  1.2645956303444688E-06
     2   -5 -1.7613399808527633E-06
     2   -4  1.4168556897675156E-06
     2   -3 -3.4096488710392709E-06
     2   -2 -5.3456359620369754E-08
     2   -1  6.5617936103484489E-06
     2    0  2.6489249748589282E-06
     2    1 -2.6566694131780550E-06
     2    2 -4.9562262231070320E-07
     2    3 -9.1460543534212097E-07
     2    4  1.2889978048548849E-06
     2    5 -1.1398664904673505E-06
     2    6 -5.3759275943656241E-07
     2    7  5.5035087814338104E-07
     2    8  1.9992844262427218E-07
     2    9  7.7111859168769251E-07
     2   10 -4.9841659625498055E-08
     2   11 -6.3349298917178456E-07
     2   12  2.8752861770124569E-06
     2   13 -2.7128288278254054E-06
     2   14  1.0949696167812134E-06
     3  -14 -2.5831773272061178E-07
     3  -13  1.4588909542106817E-07
     3  -12 -8.6269755487068839E-07
     3  -11 -4.7022076307518751E-06
     3  -10  5.3836621751227532E-07
     3   -9 -2.2293311521020906E-07
     3   -8  8.5736512496259371E-07
     3   -7 -5.6032267465762043E-07
     3   -6  2.2742703361874322E-07
     3   -5 -1.1840868453170602E-06
     3   -4  2.1726792549378239E-07
     3   -3 -1.6222528065896694E-06
     3   -2 -3.7458879182103945E-06
     3   -1  1.6450702569952997E-05
     3    0 -3.6823719435555838E-06
     3    1 -4.0841238215079966E-07
     3    2 -8.5506573995330837E-07
     3    3  5.6127455042425508E-06
     3    4 -5.2731121964209738E-06
     3    5  5.0268818315052094E-06
     3    6 -5.5434067224034155E-07
     3    7 -1.1440453226005072E-06
     3    8 -3.9597375816969373E-07
     3    9  2.8967413016686376E-06
     3   10  9.8526129180660469E-07
     3   11  4.7976092299861250E-06
     3   12 -4.6466263605447815E-06
     3   13  1.4463715216327933E-06
     3   14  4.0697529129172527E-07
     4  -14 -8.7440243088156849E-08
     4  -13  6.9372837351783140E-07
     4  -12  2.0002460591257440E-06
     4  -11 -9.1269113370226780E-07
     4  -10  3.0644274167907647E-06
     4   -9  4.6775284684521780E-07
     4   -8 -1.5040977711993549E-07
     4   -7 -1.1105016852222480E-06
     4   -6 -1.4054672656412130E-07
     4   -5 -3.4785204727844244E-07
     4   -4 -3.8657455617729935E-06
     4   -3 -4.7250992543912919E-06
     4   -2 -8.1094024991883789E-06
     4   -1  4.0850686609984523E-06
     4    0 -5.4018259800044684E-06
     4    1 -1.3363339870550317E-06
     4    2  4.9124384165311864E-06
     4    3 -1.9923283094097993E-06
     4    4  3.0244139530835655E-07
     4    5  1.4247048115494286E-06
     4    6 -5.0985949445766650E-08
     4    7 -1.5653653110642400E-06
     4    8  2.4077158446727404E-06
     4    9  5.6420794353512815E-07
     4   10  8.3570147435603836E-08
     4   11 -4.8411380882764006E-06
     4   12  4.0617788457855008E-07
     4   13  1.6606686605241047E-06
     4   14 -1.6064653200624526E-06
     5  -14  3.2861698663642833E-08
     5  -13  6.4149937592650293E-07
     5  -12 -1.1839699539562820E-06
     5  -11 -5.8059436078430206E-06
     5  -10  4.0105681268408556E-07
     5   -9 -1.0948920902030795E-06
     5   -8  1.2355563053972088E-06
     5   -7 -1.3069986204729737E-06
     5   -6  1.2350843150326406E-06
     5   -5 -1.3503182561810465E-06
     5   -4 -4.1185298354491777E-06
     5   -3 -4.2882325758637161E-06
     5   -2 -1.7113084369604778E-05
     5   -1 -1.1618492106256474E-05
     5    0 -4.3752459725181448E-06
     5    1  3.6690342972696040E-06
     5    2 -2.9799857135130491E-06
     5    3  2.6793200020297565E-06
     5    4 -4.6629165271784362E-06
     5    5  1.9508407073374494E-06
     5    6  4.4413221279932061E-07
     5    7 -2.3456129162032540E-07
     5    8 -6.9155197092041514E-07
     5    9 -8.2999362051014427E-07
     5   10 -1.3190884442426788E-06
     5   11 -2.4626440350605143E-06
     5   12  3.5485119071476312E-06
     5   13 -3.1014345779111644E-06
     5   14  1.6004567941231801E-06
     6  -14 -3.1405426817752737E-07
     6  -13 -2.2069179547658932E-06
     6  -12 -1.3010831861769946E-06
     6  -11 -1.0697355342381268E-05
     6  -10  9.3033451198068749E-07
     6   -9  9.0942400015633502E-07
     6   -8  4.2835584455708972E-07
     6   -7  2.0271825239743987E-07
     6   -6 -1.6065477712563697E-06
     6   -5  6.0104492519220412E-07
     6   -4 -5.2878124912060468E-06
     6   -3 -1.0173006839852858E-05
     6   -2 -1.6274563029802651E-05
     6   -1 -1.5740049025308751E-05
     6    0  9.8361123336581297E-06
     6    1 -8.7566420874037967E-06
     6    2  7.6752700915236790E-06
     6    3 -4.7179427073506303E-06
     6    4 -1.3272749318797460E-06
     6    5  1.0178189247501068E-06
     6    6  2.3414630722480396E-07
     6    7 -1.3709464011297648E-06
     6    8  3.3785218791012660E-07
     6    9 -5.7930586237824446E-07
     6   10  2.2242754489300565E-06
     6   11  5.0650402490313254E-06
     6   12 -3.9717428952218226E-06
     6   13  1.6015893897517339E-06
     6   14 -3.2904789323069859E-08
     7  -14 -5.4124282977458488E-07
     7  -13 -3.5120278791763634E-07
     7  -12 -5.5734937963112480E-07
     7  -11  2.0370501280918640E-06
     7  -10 -7.6661667602525649E-08
     7   -9 -2.7587376647136616E-07
     7   -8  4.7041338634301509E-07
     7   -7 -7.2829793716699827E-07
     7   -6 -1.7353126210754154E-06
     7   -5  2.9452027116610249E-06
     7   -4 -2.5908151100113339E-06
     7   -3  4.2432548852603485E-06
     7   -2 -1.4105710718563594E-05
     7   -1  2.3657897825825984E-06
     7    0  6.8284332997285901E-06
     7    1 -1.1702067488666906E-06
     7    2 -2.4863819369115380E-06
     7    3  6.9505593822166891E-06
     7    4 -3.4978117685623783E-06
     7    5  1.1061753407534047E-06
     7    6  3.3218183256505375E-07
     7    7  1.0921718867446103E-06
     7    8  3.3612103536598903E-07
     7    9  5.6477319802219571E-07
     7   10  3.7086623876456073E-07
     7   11 -3.6447623993874827E-06
     7   12  1.1437114935972125E-06
     7   13  5.3888207637078256E-07
     7   14 -1.0793374960724644E-06
     8  -14  9.1364634418479750E-07
     8  -13  4.6714276820968168E-08
     8  -12  1.2518775186379554E-06
     8  -11  4.0955034688004015E-06
     8  -10 -3.9262381499437051E-07
     8   -9 -5.6931112917168863E-07
     8   -8  7.4264055266657705E-07
     8   -7  2.4648008238744190E-06
     8   -6 -2.3087259637038673E-06
     8   -5  1.9432973017312265E-06
     8   -4 -1.4326568799103315E-06
     8   -3 -4.8212662815813880E-06
     8   -2 -7.3715415480191353E-06
     8   -1  1.0612544389570845E-05
     8    0  5.0172146548661293E-06
     8    1 -1.2755510081839318E-05
     8    2  7.1879941041551775E-06
     8    3  3.0397094061423938E-06
     8    4 -4.4783734283457080E-06
     8    5  3.1449007677742382E-06
     8    6 -3.2957824344683973E-07
     8    7  7.3080162766558518E-07
     8    8 -1.1782168333419667E-06
     8    9  6.1283326828352282E-08
     8   10 -1.2754727878679150E-06
     8   11  9.9657433799226701E-07
     8   12  1.0756523414950706E-06
     8   13 -1.5687232389218051E-06
     8   14  1.0580274919183768E-06
     9  -14  1.0245726380866993E-07
     9  -13 -1.2127460087873632E-06
     9  -12 -2.0139163151755869E-06
     9  -11 -5.5970233022312616E-07
     9  -10  4.1798540040602010E-07
     9   -9 -5.3400633716341553E-07
     9   -8  7.9885505525566589E-08
     9   -7  7.7792572022300198E-07
     9   -6 -2.7371143854629492E-06
     9   -5 -3.1384971178067361E-07
     9   -4  1.1431140488714898E-06
     9   -3 -8.5452305328487450E-06
     9   -2  3.8726363340916048E-06
     9   -1 -6.4518237542539813E-06
     9    0 -6.0176795893472714E-08
     9    1  7.9517010684384155E-06
     9    2 -1.7512166015089111E-05
     9    3  1.1170541183176460E-05
     9    4 -6.6997165185610140E-06
     9    5  1.7912812239773662E-06
     9    6 -1.2581675904942167E-06
     9    7 -1.1993902868974414E-06
     9    8  3.6796543063889379E-07
     9    9 -9.8182373939623280E-07
     9   10  1.6681551776854052E-06
     9   11  5.0590608353821473E-07
     9   12 -1.3537211851668061E-06
     9   13  1.0300655233336855E-06
     9   14 -2.7558712342714653E-07
    10  -14 -3.5490623125816609E-07
    10  -13 -1.7009776853462977E-06
    10  -12 -1.4411006209419366E-06
    10  -11  8.6463550742568678E-07
    10  -10 -4.9273094422590991E-07
    10   -9 -1.8467479677130350E-06
    10   -8 -1.3376639134962764E-07
    10   -7  5.4690104539335982E-06
    10   -6  1.3245300595190845E-06
    10   -5 -4.6272214635711068E-06
    10   -4 -5.3771472694535387E-06
    10   -3  1.8391210342765020E-05
    10   -2  1.7568514568799806E-06
    10   -1 -2.8925617297514935E-05
    10    0  6.7438805342805519E-05
    10    1 -5.3649142923948448E-05
    10    2  1.2684606073844758E-05
    10    3  3.5646985682249091E-06
    10    4 -1.1794110273486478E-05
    10    5  8.7097581611916482E-06
    10    6 -5.6055782048724459E-06
    10    7  1.6410686828705641E-06
    10    8  1.3416533893168422E-07
    10    9  7.7241845452471704E-07
    10   10 -1.1149743065236381E-07
    10   11 -8.7681242137606386E-07
    10   12  9.0941626247541264E-07
    10   13 -2.5073540059811820E-07
    10   14 -2.8993278577395591E-07
    11  -14  4.1353568981108705E-07
    11  -13  4.8763729082407439E-07
    11  -12  9.9562837328226415E-07
    11  -11  1.0714381097413521E-07
    11  -10 -8.0841857954558463E-07
    11   -9 -2.9967327916401344E-07
    11   -8 -6.7530844625626765E-07
    11   -7  2.2525171858377770E-06
    11   -6  2.1378705170492418E-06
    11   -5 -9.4514261251793318E-07
    11   -4 -4.5459838129947194E-06
    11   -3  1.2325266387250123E-05
    11   -2  1.3123847442414731E-06
    11   -1 -1.0343934964711440E-05
    11    0  3.1118483517229336E-05
    11    1 -1.3540763977866603E-05
    11    2  5.3254305275531330E-06
    11    3  2.3925143390774573E-06
    11    4 -7.6531943158170934E-06
    11    5  7.6621682647814812E-06
    11    6 -5.0586666714531917E-06
    11    7  1.5501257127699899E-06
    11    8  4.1409005373113290E-07
    11    9 -6.4860230332937534E-07
    11   10 -3.1094492666647605E-07
    11   11  6.8839379813181230E-07
    11   12 -3.0996544542956954E-07
    11   13 -2.0143296984476864E-07
    11   14  3.7606968629593285E-07
    12  -14  6.2406648334891580E-07
    12  -13  6.7528980308450189E-07
    12  -12  1.2135327966615713E-07
    12  -11 -5.0177992267833778E-07
    12  -10  3.1305687151224058E-07
    12   -9  2.4878000125275229E-07
    12   -8 -2.2806456643894766E-06
    12   -7 -2.2613797324505864E-07
    12   -6  5.8536511156345183E-07
    12   -5  2.0087703635275951E-06
    12   -4 -8.8711938154779239E-06
    12   -3  5.0977046608315787E-06
    12   -2  7.2798918848853359E-06
    12   -1 -2.4706272005873087E-05
    12    0  2.1901266255766278E-05
    12    1 -3.7607471299342968E-06
    12    2 -4.0856409683492527E-06
    12    3  7.9568574748542333E-06
    12    4 -6.6876971639966879E-06
    12    5  4.5742707577685216E-06
    12    6 -2.0275914867152318E-06
    12    7  5.6794896228107104E-08
    12    8 -3.9714762343161192E-07
    12    9  1.3561451740128062E-07
    12   10  3.8193882432890407E-07
    12   11 -3.0071182010607180E-07
    12   12 -1.2030159964664813E-07
    12   13  3.4072932498680814E-07
    12   14 -2.1726315648513665E-07
    13  -14 -4.4808423508958785E-07
    13  -13 -4.1160203515970253E-07
    13  -12 -1.2900590428415539E-08
    13  -11 -5.7040058840935123E-08
    13  -10  8.6102293745154011E-08
    13   -9  3.4433922512728366E-07
    13   -8 -1.2562080548978809E-06
    13   -7 -1.5002780411390613E-06
    13   -6 -6.5717334313737509E-07
    13   -5  3.5210265699102813E-06
    13   -4 -7.7339873215646119E-06
    13   -3  3.3610247934300849E-06
    13   -2  3.3805596359727145E-06
    13   -1 -1.4606384274976984E-05
    13    0  8.7980713419571589E-06
    13    1 -5.0994119549845739E-06
    13    2 -1.1921397022596772E-06
    13    3  5.8601322893453198E-06
    13    4 -6.3919157716617533E-06
    13    5  4.7325011889135831E-06
    13    6 -2.2438633787223748E-06
    13    7  4.8755457139271481E-07
    13    8  1.5445388183867663E-07
    13    9  1.3244598506231647E-07
    13   10 -2.4289791269842036E-07
    13   11 -4.8720076669143389E-08
    13   12  2.6297996548212874E-07
    13   13 -2.0403049988674658E-07
    13   14  9.5093294486916643E-09
    14  -14 -2.4486581948736663E-07
    14  -13 -2.9630779044521218E-08
    14  -12  1.8116804226027966E-07
    14  -11 -4.4108902349627331E-07
    14  -10 -2.5101666961621903E-07
    14   -9  1.1595183383300058E-06
    14   -8  8.2879720288142902E-08
    14   -7 -6.2055284697401259E-07
    14   -6 -5.6451687754042468E-07
    14   -5  5.1083742598172513E-06
    14   -4 -4.7805543304091827E-06
    14   -3  7.3956817868647876E-07
    14   -2  9.6750824272335344E-06
    14   -1 -8.9186107883805543E-06
    14    0  2.7648708023388599E-06
    14    1 -7.6360364549904934E-07
    14    2 -9.3144895057714760E-07
    14    3  1.1687902722919502E-06
    14    4 -1.4735764939504139E-06
    14    5  1.2450642835556939E-06
    14    6 -6.2567588566752473E-07
    14    7  7.4611306230569736E-07
    14    8 -4.4337298633762073E-07
    14    9 -7.9804078172948100E-09
    14   10 -5.7152906507277372E-09
    14   11  2.0009597670656091E-07
    14   12 -2.1935247750833510E-07
    14   13  4.8395902462648318E-08
    14   14  1.0677130512057861E-07
    15  -14  3.6633555910151972E-07
    15  -13 -8.4328729956653433E-08
    15  -12  5.1698855466722905E-09
    15  -11 -1.2458408775646903E-07
    15  -10 -2.2702517569701082E-07
    15   -9  7.4460090135001532E-07
    15   -8  1.0889124553695268E-06
    15   -7 -8.3573408606320889E-08
    15   -6 -1.9671847128198610E-06
    15   -5  4.5506412108922555E-06
    15   -4 -3.0963016381429772E-06
    15   -3  5.2452059386430639E-08
    15   -2  6.0992885459257668E-06
    15   -1 -4.2876588877989004E-06
    15    0  3.6196912723955440E-06
    15    1 -3.4830117125355287E-08
    15    2 -2.7459696700176601E-06
    15    3  3.3208549227069269E-06
    15    4 -2.4404776494345977E-06
    15    5  1.2652070476186085E-06
    15    6 -4.0123225647665983E-07
    15    7  3.0368554990722619E-08
    15    8 -2.0116612039584608E-07
    15    9  1.9594375709265793E-07
    15   10  3.3031968481584173E-08
    15   11 -1.4095901377888632E-07
    15   12  3.4304231106209751E-08
    15   13  1.0190736473598801E-07
    15   14 -1.3738363206034318E-07
    16  -14  3.8075696469965781E-08
    16  -13 -1.6597417620500829E-07
    16  -12  3.0195374462926713E-07
    16  -11  1.3514218503475775E-07
    16  -10 -6.6165548988877479E-07
    16   -9 -1.9221577846019580E-07
    16   -8  2.4709183906704485E-07
    16   -7 -4.4410540654553769E-07
    16   -6 -2.3986056367617404E-06
    16   -5  3.3690865714242307E-06
    16   -4 -2.1948500634672337E-06
    16   -3 -3.6113920467140407E-06
    16   -2  3.6013719637243394E-06
    16   -1 -1.7256845074822646E-06
    16    0  1.3160402024713422E-06
    16    1 -2.4376691533628267E-07
    16    2 -5.9831050877228076E-07
    16    3  1.5562492844048249E-06
    16    4 -1.6785740263587044E-06
    16    5  1.0740933411170219E-06
    16    6 -7.5909558536050054E-07
    16    7  2.9823541156064140E-07
    16    8  5.6537366808339678E-08
    16    9 -2.3912523820537493E-08
    16   10 -1.1358126436191491E-07
    16   11  8.9715640357375931E-08
    16   12  3.6259346623552878E-08
    16   13 -1.0356816758167914E-07
    16   14  6.5726814951431416E-08
    17  -14  6.8665938602987152E-08
    17  -13 -2.1262211506358112E-08
    17  -12  6.3245276087492856E-08
    17  -11  1.0373959792819118E-07
    17  -10 -5.1068744771099388E-07
    17   -9 -1.0306101127001273E-06
    17   -8  2.1662738971575484E-07
    17   -7  1.1252465227182789E-06
    17   -6 -2.3728360395616209E-06
    17   -5  1.8390602765416445E-06
    17   -4 -6.0536748611408556E-07
    17   -3 -2.3434784868132920E-06
    17   -2  1.6838975116586027E-06
    17   -1 -2.0580786430655540E-06
    17    0  2.2014378156910507E-07
    17    1  1.2011514708635808E-06
    17    2 -1.5514760043683171E-06
    17    3  1.1979517235575017E-06
    17    4 -7.4343037518501329E-07
    17    5  3.9579529855864896E-07
    17    6 -1.8578751956522765E-07
    17    7  2.2883989796684528E-07
    17    8 -1.5822133229081133E-07
    17    9 -1.4992888267052790E-08
    17   10  5.3218228597454346E-08
    17   11  4.2763678385139417E-08
    17   12 -1.0867564699801584E-07
    17   13  7.9426562083164447E-08
    17   14 -1.0919112595388518E-09
    18  -14  1.0977226655704301E-07
    18  -13 -2.1737779787138325E-07
    18  -12 -1.0268451527085759E-07
    18  -11  4.1246196120582588E-07
    18  -10  1.5846459172487442E-07
    18   -9 -1.4391264482425433E-07
    18   -8  8.6553357989070147E-07
    18   -7  1.0005481729448949E-06
    18   -6 -2.1955489032325275E-06
    18   -5  1.9901022080646161E-06
    18   -4  1.5453695164241501E-06
    18   -3 -1.5951061619403817E-06
    18   -2  1.0253977002949403E-06
    18   -1 -9.7881909057480106E-07
    18    0  3.1209845331576731E-07
    18    1  4.0348449796610303E-07
    18    2 -1.0978295812022860E-06
    18    3  1.0729567194126822E-06
    18    4 -5.0961956258046901E-07
    18    5  1.8337196950189326E-07
    18    6  7.4716396161777204E-08
    18    7 -1.8773497118269350E-07
    18    8  6.5870769864921771E-08
    18    9  5.5200415060257958E-08
    18   10 -3.0610122588861262E-08
    18   11 -4.3131821568378898E-08
    18   12  5.1595537270003943E-08
    18   13  3.3944519777346391E-09
    18   14 -5.2446616846942980E-08
    19  -14  1.4619957319873622E-08
    19  -13 -1.8876750923317562E-08
    19  -12 -3.3824377398762700E-08
    19  -11  3.9314458365298107E-07
    19  -10  8.0839928678319760E-07
    19   -9 -2.1008093711080549E-07
    19   -8 -6.4894556637226744E-07
    19   -7  1.0442236618121768E-06
    19   -6 -7.7825812589023624E-07
    19   -5  5.4332560288493361E-07
    19   -4  6.6751954454512131E-07
    19   -3 -4.3803811657754387E-07
    19   -2  1.1804984515645267E-06
    19   -1 -3.8816480981997234E-07
    19    0 -2.5311009090106410E-07
    19    1  5.5907363788437275E-07
    19    2 -6.0410635670916366E-07
    19    3  5.7439699284568368E-07
    19    4 -4.4306966730560300E-07
    19    5  2.0380112233474473E-07
    19    6 -9.2601571688718231E-08
    19    7 -1.4361558381342246E-08
    19    8  9.2529207900945884E-08
    19    9 -4.3946618307875685E-08
    19   10 -5.7469962735719000E-08
    19   11  8.3815929867146732E-08
    19   12 -3.0581149021617252E-08
    19   13 -3.2972645733627401E-08
    19   14  4.8985186488825908E-08
    20  -14  1.5576391159017017E-07
    20  -13  7.3200068670384480E-08
    20  -12 -2.9736659695437331E-07
    20  -11 -1.3270404774687247E-07
    20  -10  2.9933459783732923E-08
    20   -9 -8.9591540080030768E-07
    20   -8 -3.5796984348744378E-07
    20   -7  1.4669484492315026E-06
    20   -6 -1.4221873332879258E-06
    20   -5 -9.1658916847098381E-07
    20   -4  8.4549034853097269E-07
    20   -3 -5.3869877852146391E-07
    20   -2  4.5976502288214070E-07
    20   -1 -1.1536856666898847E-07
    20    0 -2.3133797508968982E-07
    20    1  5.4594912927099173E-07
    20    2 -4.5622882832301817E-07
    20    3  1.5037549218808695E-07
    20    4 -6.8721086123702377E-08
    20    5  3.0223806297519056E-08
    20    6 -4.3386261610131902E-09
    20    7  3.8026359679573506E-08
    20    8 -3.6364354820955993E-08
    20    9 -2.4856064882851285E-08
    20   10  5.6510083508240386E-08
    20   11 -2.0741836069127774E-08
    20   12 -3.5712556417677751E-08
    20   13  5.5289774783450182E-08
    20   14 -2.9980220139558537E-08
    21  -14 -3.7544573727424867E-09
    21  -13 -1.0960051622306221E-08
    21  -12 -3.3251087235532301E-07
    21  -11 -5.8397783849993283E-07
    21  -10  1.5948460140484229E-07
    21   -9  3.9131404335838189E-07
    21   -8 -3.3866066859765324E-07
    21   -7  2.2674088131987619E-07
    21   -6 -4.4184697393255943E-07
    21   -5  4.0355587508490983E-08
    21   -4  8.0562854735111203E-09
    21   -3 -7.9664034354602363E-07
    21   -2  4.6673026017526842E-07
    21   -1 -9.9494585183788529E-08
    21    0 -2.2373437259810773E-07
    21    1  4.2718873709934561E-07
    21    2 -4.8727646242533001E-07
    21    3  3.5288166352725600E-07
    21    4 -7.4189103637271849E-08
    21    5 -7.3438970366214017E-08
    21    6  1.1680174304732705E-07
    21    7 -8.3733813624297094E-08
    21    8 -1.2844167338936056E-08
    21    9  8.1208200534683082E-08
    21   10 -5.9463851062986652E-08
    21   11 -5.9463876833625667E-09
    21   12  4.4549366891522984E-08
    21   13 -3.1080697317988932E-08
    21   14 -4.6281833062451324E-09
    22  -14 -5.2266032795797933E-08
    22  -13  2.3554696379782744E-07
    22  -12  1.0408966131061441E-07
    22  -11  5.3624649137032688E-08
    22  -10  7.6228907468687337E-07
    22   -9  9.6628935058284682E-08
    22   -8 -9.9648945375855239E-07
    22   -7  9.2234074003627580E-07
    22   -6  7.0781445034623078E-07
    22   -5 -5.0086404732456393E-07
    22   -4  2.0069294920501168E-07
    22   -3 -6.9353479849568623E-08
    22   -2 -4.7409612763199872E-09
    22   -1  4.6143591594496723E-08
    22    0 -1.1317783234735947E-07
    22    1  7.2911192099117961E-08
    22    2 -3.2300355701294426E-08
    22    3  1.3703910728349632E-07
    22    4 -1.7237284734049873E-07
    22    5  9.4328105662338703E-08
    22    6  1.3920843620458205E-09
    22    7 -8.2533023962700437E-08
    22    8  1.1611414221882887E-07
    22    9 -7.1961136272275282E-08
    22   10 -8.2916111947632892E-09
    22   11  5.5705869013122443E-08
    22   12 -4.4909457821165989E-08
    22   13  3.4180418665367256E-09
    22   14  2.4182905681860515E-08
    23  -14  4.3697741465724720E-08
    23  -13  2.6546927445390137E-07
    23  -12  3.7816211022290394E-07
    23  -11 -1.0893926817826111E-07
    23  -10 -2.3246413004171688E-07
    23   -9  1.7016163513755060E-08
    23   -8 -1.0869861655528159E-08
    23   -7  3.7744237793917575E-07
    23   -6 -2.7072028073901718E-07
    23   -5  4.5480256112035331E-08
    23   -4  6.2125265703496275E-07
    23   -3 -4.0379375690944070E-07
    23   -2  1.0450977462683047E-07
    23   -1  1.8470442805076374E-07
    23    0 -3.3381709015459933E-07
    23    1  3.1436738741153607E-07
    23    2 -1.4727772473145007E-07
    23    3 -7.1332412952329537E-08
    23    4  1.2883823461087548E-07
    23    5 -7.3012725084138934E-08
    23    6 -1.0667851991046247E-08
    23    7  7.2678058912376307E-08
    23    8 -6.7774890909163100E-08
    23    9  5.7958675202437965E-09
    23   10  4.6346969122223239E-08
    23   11 -4.7392945579899646E-08
    23   12  9.9770514441026254E-09
    23   13  2.4218472596544914E-08
    23   14 -2.8786696360565631E-08
    24  -14 -1.8649234155141685E-07
    24  -13 -7.9559293129055100E-08
    24  -12 -8.0175063694628869E-08
    24  -11 -5.7632787220114405E-07
    24  -10 -2.3513916144839813E-08
    24   -9  6.6911967534455742E-07
    24   -8 -5.2924619040807432E-07
    24   -7 -5.7412398070875873E-07
    24   -6  2.5886142098519582E-07
    24   -5  2.7730480917567517E-08
    24   -4 -1.0657613648637307E-07
    24   -3 -8.9960558935797016E-09
    24   -2  1.1055898394251023E-07
    24   -1 -9.6214688187552521E-08
    24    0  3.3185488302353690E-08
    24    1  7.3871362978713381E-08
    24    2 -2.0434257472743527E-07
    24    3  1.9292439891544849E-07
    24    4 -4.9413976862846504E-08
    24    5 -8.6377306829763419E-08
    24    6  1.4089579940700196E-07
    24    7 -1.0417233007599870E-07
    24    8  1.3502222999371461E-08
    24    9  5.7837886829542056E-08
    24   10 -6.4576568504864622E-08
    24   11  2.2920684311931429E-08
    24   12  2.0441188665004754E-08
    24   13 -3.2088461921095497E-08
    24   14  1.5707471868565806E-08
