------ Spatial dimensions ----
nu, nv, nu1, nv1, npol, ntor, lasym_bn
         128         128         128         128          64          10 F

------ Fourier Dimensions ----
mf, nf, md, nd (max in surf and bnorm files)
          24          14          24          20

------ Plasma information from VMEC ----
np     iota_edge       phip_edge       curpol
           3  0.83536397322120814       -6.3140180738419343        118.23616945950656     

------ Current Controls ----
cut  cup  ibex(=1,use fixed background coils)
   0.0000000000000000        1.0000000000000000                0

------ SVD controls -----
mstrt, mstep, mkeep, mdspw, curwt, trgwt
           0           0           0           4   0.0000000000000000        0.0000000000000000     

------ Output controls -----
w_psurf w_csurf w_bnuv w_jsurf w_xerr w_svd
           0           0           0           0           0           0

------ Plasma Surface ---- 
Number of fourier modes in table
         200
Table of fourier coefficients
m,n,crc,czs,cls,crs,czc,clc
      0     0  3.530394753262E+00 -0.000000000000E+00  0.000000000000E+00  0.000000000000E+00  0.000000000000E+00  0.000000000000E+00
      0    -1  6.114325318176E-01 -4.120650572589E-01  2.035329093790E-01  0.000000000000E+00  0.000000000000E+00  0.000000000000E+00
      0    -2  3.435485278998E-03 -1.369161557121E-03 -9.500054776737E-04  0.000000000000E+00  0.000000000000E+00  0.000000000000E+00
      0    -3 -1.267545770945E-03  1.352345758674E-03 -4.044134217415E-03  0.000000000000E+00  0.000000000000E+00  0.000000000000E+00
      0    -4 -5.349168641058E-05  1.233996721772E-04  1.937671691142E-03  0.000000000000E+00  0.000000000000E+00  0.000000000000E+00
      0    -5  1.889868511502E-04  1.403399117425E-04 -2.988384927834E-03  0.000000000000E+00  0.000000000000E+00  0.000000000000E+00
      0    -6  4.322457638253E-05 -4.833335449877E-05  5.281774092695E-04  0.000000000000E+00  0.000000000000E+00  0.000000000000E+00
      0    -7 -2.926337062616E-05 -1.585765288717E-05 -5.273510686420E-04  0.000000000000E+00  0.000000000000E+00  0.000000000000E+00
      0    -8 -1.659216926581E-05  3.012603696640E-06  7.127626879579E-05  0.000000000000E+00  0.000000000000E+00  0.000000000000E+00
      0    -9 -5.076685017505E-06  2.689175389743E-06  2.957707963078E-05  0.000000000000E+00  0.000000000000E+00  0.000000000000E+00
      0   -10 -9.322468612326E-07  7.518703195988E-08 -1.935154808655E-05  0.000000000000E+00  0.000000000000E+00  0.000000000000E+00
      1    10  0.000000000000E+00  0.000000000000E+00 -4.521282199313E-05  0.000000000000E+00  0.000000000000E+00  0.000000000000E+00
      1     9  0.000000000000E+00  0.000000000000E+00  7.514585892190E-05  0.000000000000E+00  0.000000000000E+00  0.000000000000E+00
      1     8  0.000000000000E+00  0.000000000000E+00 -7.399960905874E-05  0.000000000000E+00  0.000000000000E+00  0.000000000000E+00
      1     7  0.000000000000E+00  0.000000000000E+00 -2.668189646253E-05  0.000000000000E+00  0.000000000000E+00  0.000000000000E+00
      1     6  0.000000000000E+00  0.000000000000E+00  3.049158868112E-04  0.000000000000E+00  0.000000000000E+00  0.000000000000E+00
      1     5  0.000000000000E+00  0.000000000000E+00 -1.565045935583E-03  0.000000000000E+00  0.000000000000E+00  0.000000000000E+00
      1     4  0.000000000000E+00  0.000000000000E+00  4.931531816843E-03  0.000000000000E+00  0.000000000000E+00  0.000000000000E+00
      1     3  0.000000000000E+00  0.000000000000E+00 -5.314478820147E-03  0.000000000000E+00  0.000000000000E+00  0.000000000000E+00
      1     2  3.237307160993E-02  2.827943050444E-02  4.866401057307E-03  0.000000000000E+00  0.000000000000E+00  0.000000000000E+00
      1     1 -1.158368497330E-01 -2.460258876798E-02  5.976644908053E-02  0.000000000000E+00  0.000000000000E+00  0.000000000000E+00
      1     0 -1.101737457594E+00 -1.430600554967E+00 -1.420435739380E-01  0.000000000000E+00  0.000000000000E+00  0.000000000000E+00
      1    -1  5.693778332073E-01 -6.709713174983E-01 -2.114304123107E-01  0.000000000000E+00  0.000000000000E+00  0.000000000000E+00
      1    -2  1.559790151855E-01 -1.747386793597E-01  9.375790139710E-03  0.000000000000E+00  0.000000000000E+00  0.000000000000E+00
      1    -3  0.000000000000E+00  0.000000000000E+00  9.916606839025E-04  0.000000000000E+00  0.000000000000E+00  0.000000000000E+00
      1    -4  0.000000000000E+00  0.000000000000E+00  3.313624868363E-04  0.000000000000E+00  0.000000000000E+00  0.000000000000E+00
      1    -5  0.000000000000E+00  0.000000000000E+00  9.040985064887E-04  0.000000000000E+00  0.000000000000E+00  0.000000000000E+00
      1    -6  0.000000000000E+00  0.000000000000E+00 -6.117333120113E-04  0.000000000000E+00  0.000000000000E+00  0.000000000000E+00
      1    -7  0.000000000000E+00  0.000000000000E+00  1.515432076707E-04  0.000000000000E+00  0.000000000000E+00  0.000000000000E+00
      1    -8  0.000000000000E+00  0.000000000000E+00 -2.542633885701E-04  0.000000000000E+00  0.000000000000E+00  0.000000000000E+00
      1    -9  0.000000000000E+00  0.000000000000E+00  5.555385609114E-05  0.000000000000E+00  0.000000000000E+00  0.000000000000E+00
      1   -10  0.000000000000E+00  0.000000000000E+00  9.255456318136E-07  0.000000000000E+00  0.000000000000E+00  0.000000000000E+00
      2    10  0.000000000000E+00  0.000000000000E+00  1.599584371247E-05  0.000000000000E+00  0.000000000000E+00  0.000000000000E+00
      2     9  0.000000000000E+00  0.000000000000E+00 -7.553337562469E-05  0.000000000000E+00  0.000000000000E+00  0.000000000000E+00
      2     8  0.000000000000E+00  0.000000000000E+00  1.905526678676E-04  0.000000000000E+00  0.000000000000E+00  0.000000000000E+00
      2     7  0.000000000000E+00  0.000000000000E+00 -2.252266728551E-04  0.000000000000E+00  0.000000000000E+00  0.000000000000E+00
      2     6  0.000000000000E+00  0.000000000000E+00  1.515056735840E-04  0.000000000000E+00  0.000000000000E+00  0.000000000000E+00
      2     5  0.000000000000E+00  0.000000000000E+00  4.058174746365E-04  0.000000000000E+00  0.000000000000E+00  0.000000000000E+00
      2     4  0.000000000000E+00  0.000000000000E+00 -5.162386072690E-03  0.000000000000E+00  0.000000000000E+00  0.000000000000E+00
      2     3  0.000000000000E+00  0.000000000000E+00  2.827262062708E-03  0.000000000000E+00  0.000000000000E+00  0.000000000000E+00
      2     2  3.678887993010E-03 -2.532536336917E-03 -7.502669759322E-03  0.000000000000E+00  0.000000000000E+00  0.000000000000E+00
      2     1  1.794648714085E-02 -1.113802204696E-02 -3.570518007451E-02  0.000000000000E+00  0.000000000000E+00  0.000000000000E+00
      2     0  5.666475743436E-02  9.257834200137E-02 -1.551223128774E-03  0.000000000000E+00  0.000000000000E+00  0.000000000000E+00
      2    -1  3.318675741386E-01  2.225009968172E-01 -3.893309309566E-02  0.000000000000E+00  0.000000000000E+00  0.000000000000E+00
      2    -2  1.185811811665E-01 -9.390224475026E-02 -2.812410251398E-02  0.000000000000E+00  0.000000000000E+00  0.000000000000E+00
      2    -3  0.000000000000E+00  0.000000000000E+00 -6.322371480424E-04  0.000000000000E+00  0.000000000000E+00  0.000000000000E+00
      2    -4  0.000000000000E+00  0.000000000000E+00 -9.734358340079E-04  0.000000000000E+00  0.000000000000E+00  0.000000000000E+00
      2    -5  0.000000000000E+00  0.000000000000E+00  4.275282316219E-04  0.000000000000E+00  0.000000000000E+00  0.000000000000E+00
      2    -6  0.000000000000E+00  0.000000000000E+00  5.367180135120E-04  0.000000000000E+00  0.000000000000E+00  0.000000000000E+00
      2    -7  0.000000000000E+00  0.000000000000E+00  1.515874001428E-04  0.000000000000E+00  0.000000000000E+00  0.000000000000E+00
      2    -8  0.000000000000E+00  0.000000000000E+00  1.619078093480E-04  0.000000000000E+00  0.000000000000E+00  0.000000000000E+00
      2    -9  0.000000000000E+00  0.000000000000E+00 -5.900331116621E-05  0.000000000000E+00  0.000000000000E+00  0.000000000000E+00
      2   -10  0.000000000000E+00  0.000000000000E+00  1.914439044113E-05  0.000000000000E+00  0.000000000000E+00  0.000000000000E+00
      3    10  0.000000000000E+00  0.000000000000E+00  1.400991046956E-05  0.000000000000E+00  0.000000000000E+00  0.000000000000E+00
      3     9  0.000000000000E+00  0.000000000000E+00  2.851940117087E-05  0.000000000000E+00  0.000000000000E+00  0.000000000000E+00
      3     8  0.000000000000E+00  0.000000000000E+00 -1.039354842952E-04  0.000000000000E+00  0.000000000000E+00  0.000000000000E+00
      3     7  0.000000000000E+00  0.000000000000E+00  2.394979803781E-04  0.000000000000E+00  0.000000000000E+00  0.000000000000E+00
      3     6  0.000000000000E+00  0.000000000000E+00 -3.926281069551E-04  0.000000000000E+00  0.000000000000E+00  0.000000000000E+00
      3     5  0.000000000000E+00  0.000000000000E+00  9.971582674832E-04  0.000000000000E+00  0.000000000000E+00  0.000000000000E+00
      3     4 -2.423688989346E-03  1.031892581134E-02  5.005320999444E-05  0.000000000000E+00  0.000000000000E+00  0.000000000000E+00
      3     3  1.071606696464E-02 -6.405391666664E-03 -2.758834304021E-03  0.000000000000E+00  0.000000000000E+00  0.000000000000E+00
      3     2 -3.821369161664E-03  2.389549852310E-02  2.638960942764E-03  0.000000000000E+00  0.000000000000E+00  0.000000000000E+00
      3     1  3.072436888231E-02  1.121071196522E-03 -8.418383832637E-03  0.000000000000E+00  0.000000000000E+00  0.000000000000E+00
      3     0 -1.019414073173E-02  4.762108347215E-03  1.006942268698E-02  0.000000000000E+00  0.000000000000E+00  0.000000000000E+00
      3    -1  2.166104382509E-02  6.772071829169E-02  1.656912042852E-03  0.000000000000E+00  0.000000000000E+00  0.000000000000E+00
      3    -2  0.000000000000E+00  0.000000000000E+00 -8.184350358924E-03  0.000000000000E+00  0.000000000000E+00  0.000000000000E+00
      3    -3  0.000000000000E+00  0.000000000000E+00 -5.018308895989E-03  0.000000000000E+00  0.000000000000E+00  0.000000000000E+00
      3    -4  0.000000000000E+00  0.000000000000E+00  7.545568614746E-05  0.000000000000E+00  0.000000000000E+00  0.000000000000E+00
      3    -5  0.000000000000E+00  0.000000000000E+00 -7.840486401793E-04  0.000000000000E+00  0.000000000000E+00  0.000000000000E+00
      3    -6  0.000000000000E+00  0.000000000000E+00  8.661903400578E-05  0.000000000000E+00  0.000000000000E+00  0.000000000000E+00
      3    -7  0.000000000000E+00  0.000000000000E+00 -3.033210716656E-05  0.000000000000E+00  0.000000000000E+00  0.000000000000E+00
      3    -8  0.000000000000E+00  0.000000000000E+00  5.127547596640E-05  0.000000000000E+00  0.000000000000E+00  0.000000000000E+00
      3    -9  0.000000000000E+00  0.000000000000E+00  7.644539785151E-05  0.000000000000E+00  0.000000000000E+00  0.000000000000E+00
      3   -10  0.000000000000E+00  0.000000000000E+00 -5.938550157214E-06  0.000000000000E+00  0.000000000000E+00  0.000000000000E+00
      4    10  0.000000000000E+00  0.000000000000E+00 -2.142139586124E-05  0.000000000000E+00  0.000000000000E+00  0.000000000000E+00
      4     9  0.000000000000E+00  0.000000000000E+00  2.995379553167E-05  0.000000000000E+00  0.000000000000E+00  0.000000000000E+00
      4     8  0.000000000000E+00  0.000000000000E+00  9.464847184375E-06  0.000000000000E+00  0.000000000000E+00  0.000000000000E+00
      4     7  0.000000000000E+00  0.000000000000E+00 -1.300427738451E-04  0.000000000000E+00  0.000000000000E+00  0.000000000000E+00
      4     6  0.000000000000E+00  0.000000000000E+00  2.490134316520E-04  0.000000000000E+00  0.000000000000E+00  0.000000000000E+00
      4     5  0.000000000000E+00  0.000000000000E+00 -4.265766437054E-05  0.000000000000E+00  0.000000000000E+00  0.000000000000E+00
      4     4  0.000000000000E+00  0.000000000000E+00 -1.835208818969E-03  0.000000000000E+00  0.000000000000E+00  0.000000000000E+00
      4     3  0.000000000000E+00  0.000000000000E+00  1.935596303202E-03  0.000000000000E+00  0.000000000000E+00  0.000000000000E+00
      4     2  0.000000000000E+00  0.000000000000E+00 -3.009834419115E-03  0.000000000000E+00  0.000000000000E+00  0.000000000000E+00
      4     1  0.000000000000E+00  0.000000000000E+00  1.934142266442E-03  0.000000000000E+00  0.000000000000E+00  0.000000000000E+00
      4     0  0.000000000000E+00  0.000000000000E+00 -8.780147897413E-03  0.000000000000E+00  0.000000000000E+00  0.000000000000E+00
      4    -1  0.000000000000E+00  0.000000000000E+00  9.555397844613E-03  0.000000000000E+00  0.000000000000E+00  0.000000000000E+00
      4    -2  0.000000000000E+00  0.000000000000E+00  6.597389281968E-03  0.000000000000E+00  0.000000000000E+00  0.000000000000E+00
      4    -3  0.000000000000E+00  0.000000000000E+00 -2.940268574104E-04  0.000000000000E+00  0.000000000000E+00  0.000000000000E+00
      4    -4  0.000000000000E+00  0.000000000000E+00  3.655823346021E-04  0.000000000000E+00  0.000000000000E+00  0.000000000000E+00
      4    -5  0.000000000000E+00  0.000000000000E+00  2.723025806417E-05  0.000000000000E+00  0.000000000000E+00  0.000000000000E+00
      4    -6  0.000000000000E+00  0.000000000000E+00 -8.218888552359E-05  0.000000000000E+00  0.000000000000E+00  0.000000000000E+00
      4    -7  0.000000000000E+00  0.000000000000E+00 -1.175044866042E-05  0.000000000000E+00  0.000000000000E+00  0.000000000000E+00
      4    -8  0.000000000000E+00  0.000000000000E+00 -1.270631382042E-04  0.000000000000E+00  0.000000000000E+00  0.000000000000E+00
      4    -9  0.000000000000E+00  0.000000000000E+00 -2.529564062292E-05  0.000000000000E+00  0.000000000000E+00  0.000000000000E+00
      4   -10  0.000000000000E+00  0.000000000000E+00  9.688501504698E-06  0.000000000000E+00  0.000000000000E+00  0.000000000000E+00
      5    10  0.000000000000E+00  0.000000000000E+00  1.324759116341E-05  0.000000000000E+00  0.000000000000E+00  0.000000000000E+00
      5     9  0.000000000000E+00  0.000000000000E+00 -3.705058578549E-05  0.000000000000E+00  0.000000000000E+00  0.000000000000E+00
      5     8  0.000000000000E+00  0.000000000000E+00  3.088330015350E-05  0.000000000000E+00  0.000000000000E+00  0.000000000000E+00
      5     7  0.000000000000E+00  0.000000000000E+00  4.788242041161E-06  0.000000000000E+00  0.000000000000E+00  0.000000000000E+00
      5     6  0.000000000000E+00  0.000000000000E+00 -7.087988761892E-05  0.000000000000E+00  0.000000000000E+00  0.000000000000E+00
      5     5  0.000000000000E+00  0.000000000000E+00  2.033990096309E-04  0.000000000000E+00  0.000000000000E+00  0.000000000000E+00
      5     4  0.000000000000E+00  0.000000000000E+00 -5.920601483782E-04  0.000000000000E+00  0.000000000000E+00  0.000000000000E+00
      5     3  0.000000000000E+00  0.000000000000E+00  1.296529912299E-03  0.000000000000E+00  0.000000000000E+00  0.000000000000E+00
      5     2  0.000000000000E+00  0.000000000000E+00 -1.023899841614E-03  0.000000000000E+00  0.000000000000E+00  0.000000000000E+00
      5     1  0.000000000000E+00  0.000000000000E+00 -1.031862936277E-03  0.000000000000E+00  0.000000000000E+00  0.000000000000E+00
      5     0  0.000000000000E+00  0.000000000000E+00  2.690056860776E-03  0.000000000000E+00  0.000000000000E+00  0.000000000000E+00
      5    -1  0.000000000000E+00  0.000000000000E+00 -2.002604272868E-03  0.000000000000E+00  0.000000000000E+00  0.000000000000E+00
      5    -2  0.000000000000E+00  0.000000000000E+00 -1.013848225826E-02  0.000000000000E+00  0.000000000000E+00  0.000000000000E+00
      5    -3  0.000000000000E+00  0.000000000000E+00 -5.673447120708E-03  0.000000000000E+00  0.000000000000E+00  0.000000000000E+00
      5    -4  0.000000000000E+00  0.000000000000E+00 -1.736611674404E-03  0.000000000000E+00  0.000000000000E+00  0.000000000000E+00
      5    -5  0.000000000000E+00  0.000000000000E+00  1.663891255973E-04  0.000000000000E+00  0.000000000000E+00  0.000000000000E+00
      5    -6  0.000000000000E+00  0.000000000000E+00  1.297047512617E-04  0.000000000000E+00  0.000000000000E+00  0.000000000000E+00
      5    -7  0.000000000000E+00  0.000000000000E+00  9.195272309921E-05  0.000000000000E+00  0.000000000000E+00  0.000000000000E+00
      5    -8  0.000000000000E+00  0.000000000000E+00  3.940285782848E-05  0.000000000000E+00  0.000000000000E+00  0.000000000000E+00
      5    -9  0.000000000000E+00  0.000000000000E+00 -2.609146557926E-05  0.000000000000E+00  0.000000000000E+00  0.000000000000E+00
      5   -10  0.000000000000E+00  0.000000000000E+00 -1.449637797236E-05  0.000000000000E+00  0.000000000000E+00  0.000000000000E+00
      6    10  0.000000000000E+00  0.000000000000E+00  1.182594587546E-06  0.000000000000E+00  0.000000000000E+00  0.000000000000E+00
      6     9  0.000000000000E+00  0.000000000000E+00  1.566806648833E-05  0.000000000000E+00  0.000000000000E+00  0.000000000000E+00
      6     8  0.000000000000E+00  0.000000000000E+00 -3.311945557802E-05  0.000000000000E+00  0.000000000000E+00  0.000000000000E+00
      6     7  0.000000000000E+00  0.000000000000E+00  3.226775422254E-05  0.000000000000E+00  0.000000000000E+00  0.000000000000E+00
      6     6  0.000000000000E+00  0.000000000000E+00  7.718679902555E-06  0.000000000000E+00  0.000000000000E+00  0.000000000000E+00
      6     5  0.000000000000E+00  0.000000000000E+00 -1.248185112021E-05  0.000000000000E+00  0.000000000000E+00  0.000000000000E+00
      6     4  0.000000000000E+00  0.000000000000E+00 -1.000853585507E-04  0.000000000000E+00  0.000000000000E+00  0.000000000000E+00
      6     3  0.000000000000E+00  0.000000000000E+00  7.555347722881E-04  0.000000000000E+00  0.000000000000E+00  0.000000000000E+00
      6     2  0.000000000000E+00  0.000000000000E+00 -1.263861509520E-03  0.000000000000E+00  0.000000000000E+00  0.000000000000E+00
      6     1  0.000000000000E+00  0.000000000000E+00  1.457225419493E-03  0.000000000000E+00  0.000000000000E+00  0.000000000000E+00
      6     0  0.000000000000E+00  0.000000000000E+00 -1.247547040095E-03  0.000000000000E+00  0.000000000000E+00  0.000000000000E+00
      6    -1  0.000000000000E+00  0.000000000000E+00 -2.324042413417E-03  0.000000000000E+00  0.000000000000E+00  0.000000000000E+00
      6    -2  0.000000000000E+00  0.000000000000E+00  3.928339927658E-04  0.000000000000E+00  0.000000000000E+00  0.000000000000E+00
      6    -3  0.000000000000E+00  0.000000000000E+00  8.713699052045E-04  0.000000000000E+00  0.000000000000E+00  0.000000000000E+00
      6    -4  0.000000000000E+00  0.000000000000E+00 -3.373280486812E-04  0.000000000000E+00  0.000000000000E+00  0.000000000000E+00
      6    -5  0.000000000000E+00  0.000000000000E+00 -1.714239045648E-04  0.000000000000E+00  0.000000000000E+00  0.000000000000E+00
      6    -6  0.000000000000E+00  0.000000000000E+00 -2.508933331668E-05  0.000000000000E+00  0.000000000000E+00  0.000000000000E+00
      6    -7  0.000000000000E+00  0.000000000000E+00 -1.513537378991E-05  0.000000000000E+00  0.000000000000E+00  0.000000000000E+00
      6    -8  0.000000000000E+00  0.000000000000E+00  1.961784477969E-05  0.000000000000E+00  0.000000000000E+00  0.000000000000E+00
      6    -9  0.000000000000E+00  0.000000000000E+00  1.936968882626E-05  0.000000000000E+00  0.000000000000E+00  0.000000000000E+00
      6   -10  0.000000000000E+00  0.000000000000E+00  6.156118367637E-06  0.000000000000E+00  0.000000000000E+00  0.000000000000E+00
      7    10  0.000000000000E+00  0.000000000000E+00 -1.570403666567E-06  0.000000000000E+00  0.000000000000E+00  0.000000000000E+00
      7     9  0.000000000000E+00  0.000000000000E+00 -5.087465677230E-06  0.000000000000E+00  0.000000000000E+00  0.000000000000E+00
      7     8  0.000000000000E+00  0.000000000000E+00  1.487351487803E-05  0.000000000000E+00  0.000000000000E+00  0.000000000000E+00
      7     7  0.000000000000E+00  0.000000000000E+00 -5.412768894367E-06  0.000000000000E+00  0.000000000000E+00  0.000000000000E+00
      7     6  0.000000000000E+00  0.000000000000E+00 -2.684930004412E-05  0.000000000000E+00  0.000000000000E+00  0.000000000000E+00
      7     5  0.000000000000E+00  0.000000000000E+00  9.234197001530E-05  0.000000000000E+00  0.000000000000E+00  0.000000000000E+00
      7     4  0.000000000000E+00  0.000000000000E+00 -2.075629234550E-04  0.000000000000E+00  0.000000000000E+00  0.000000000000E+00
      7     3  0.000000000000E+00  0.000000000000E+00  3.929295778378E-04  0.000000000000E+00  0.000000000000E+00  0.000000000000E+00
      7     2  0.000000000000E+00  0.000000000000E+00 -4.729461339264E-04  0.000000000000E+00  0.000000000000E+00  0.000000000000E+00
      7     1  0.000000000000E+00  0.000000000000E+00  4.916310761319E-05  0.000000000000E+00  0.000000000000E+00  0.000000000000E+00
      7     0  0.000000000000E+00  0.000000000000E+00  5.281996603938E-05  0.000000000000E+00  0.000000000000E+00  0.000000000000E+00
      7    -1  0.000000000000E+00  0.000000000000E+00  1.518167926214E-04  0.000000000000E+00  0.000000000000E+00  0.000000000000E+00
      7    -2  0.000000000000E+00  0.000000000000E+00  9.931648242053E-04  0.000000000000E+00  0.000000000000E+00  0.000000000000E+00
      7    -3  0.000000000000E+00  0.000000000000E+00  5.587161251924E-04  0.000000000000E+00  0.000000000000E+00  0.000000000000E+00
      7    -4  0.000000000000E+00  0.000000000000E+00  5.408738919054E-04  0.000000000000E+00  0.000000000000E+00  0.000000000000E+00
      7    -5  0.000000000000E+00  0.000000000000E+00  2.696497742576E-04  0.000000000000E+00  0.000000000000E+00  0.000000000000E+00
      7    -6  0.000000000000E+00  0.000000000000E+00  1.232141423254E-04  0.000000000000E+00  0.000000000000E+00  0.000000000000E+00
      7    -7  0.000000000000E+00  0.000000000000E+00  3.278086055605E-05  0.000000000000E+00  0.000000000000E+00  0.000000000000E+00
      7    -8  0.000000000000E+00  0.000000000000E+00  2.405341557004E-07  0.000000000000E+00  0.000000000000E+00  0.000000000000E+00
      7    -9  0.000000000000E+00  0.000000000000E+00 -9.647385969678E-06  0.000000000000E+00  0.000000000000E+00  0.000000000000E+00
      7   -10  0.000000000000E+00  0.000000000000E+00  1.331863719826E-06  0.000000000000E+00  0.000000000000E+00  0.000000000000E+00
      8    10  0.000000000000E+00  0.000000000000E+00  1.776854302754E-06  0.000000000000E+00  0.000000000000E+00  0.000000000000E+00
      8     9  0.000000000000E+00  0.000000000000E+00 -4.603189893974E-06  0.000000000000E+00  0.000000000000E+00  0.000000000000E+00
      8     8  0.000000000000E+00  0.000000000000E+00 -6.180037193575E-07  0.000000000000E+00  0.000000000000E+00  0.000000000000E+00
      8     7  0.000000000000E+00  0.000000000000E+00  9.568624322101E-06  0.000000000000E+00  0.000000000000E+00  0.000000000000E+00
      8     6  0.000000000000E+00  0.000000000000E+00 -1.263913227726E-05  0.000000000000E+00  0.000000000000E+00  0.000000000000E+00
      8     5  0.000000000000E+00  0.000000000000E+00 -2.446222251759E-06  0.000000000000E+00  0.000000000000E+00  0.000000000000E+00
      8     4  0.000000000000E+00  0.000000000000E+00  1.425344082152E-05  0.000000000000E+00  0.000000000000E+00  0.000000000000E+00
      8     3  0.000000000000E+00  0.000000000000E+00  8.659678826494E-05  0.000000000000E+00  0.000000000000E+00  0.000000000000E+00
      8     2  0.000000000000E+00  0.000000000000E+00 -4.347339047598E-04  0.000000000000E+00  0.000000000000E+00  0.000000000000E+00
      8     1  0.000000000000E+00  0.000000000000E+00  6.979573085606E-04  0.000000000000E+00  0.000000000000E+00  0.000000000000E+00
      8     0  0.000000000000E+00  0.000000000000E+00 -6.013676471953E-04  0.000000000000E+00  0.000000000000E+00  0.000000000000E+00
      8    -1  0.000000000000E+00  0.000000000000E+00  3.385498143437E-04  0.000000000000E+00  0.000000000000E+00  0.000000000000E+00
      8    -2  0.000000000000E+00  0.000000000000E+00  2.640017853404E-04  0.000000000000E+00  0.000000000000E+00  0.000000000000E+00
      8    -3  0.000000000000E+00  0.000000000000E+00 -5.209518372585E-04  0.000000000000E+00  0.000000000000E+00  0.000000000000E+00
      8    -4  0.000000000000E+00  0.000000000000E+00 -3.414619622424E-04  0.000000000000E+00  0.000000000000E+00  0.000000000000E+00
      8    -5  0.000000000000E+00  0.000000000000E+00 -1.395621448367E-04  0.000000000000E+00  0.000000000000E+00  0.000000000000E+00
      8    -6  0.000000000000E+00  0.000000000000E+00 -3.069358970035E-05  0.000000000000E+00  0.000000000000E+00  0.000000000000E+00
      8    -7  0.000000000000E+00  0.000000000000E+00  2.449460228776E-05  0.000000000000E+00  0.000000000000E+00  0.000000000000E+00
      8    -8  0.000000000000E+00  0.000000000000E+00  3.066929532997E-06  0.000000000000E+00  0.000000000000E+00  0.000000000000E+00
      8    -9  0.000000000000E+00  0.000000000000E+00 -1.788245796977E-06  0.000000000000E+00  0.000000000000E+00  0.000000000000E+00
      8   -10  0.000000000000E+00  0.000000000000E+00 -5.032338498690E-06  0.000000000000E+00  0.000000000000E+00  0.000000000000E+00
      9    10  0.000000000000E+00  0.000000000000E+00 -3.935688547126E-07  0.000000000000E+00  0.000000000000E+00  0.000000000000E+00
      9     9  0.000000000000E+00  0.000000000000E+00 -3.144141065041E-08  0.000000000000E+00  0.000000000000E+00  0.000000000000E+00
      9     8  0.000000000000E+00  0.000000000000E+00  4.469233923466E-06  0.000000000000E+00  0.000000000000E+00  0.000000000000E+00
      9     7  0.000000000000E+00  0.000000000000E+00 -7.441849189449E-06  0.000000000000E+00  0.000000000000E+00  0.000000000000E+00
      9     6  0.000000000000E+00  0.000000000000E+00 -3.127933825941E-08  0.000000000000E+00  0.000000000000E+00  0.000000000000E+00
      9     5  0.000000000000E+00  0.000000000000E+00  3.016211197656E-05  0.000000000000E+00  0.000000000000E+00  0.000000000000E+00
      9     4  0.000000000000E+00  0.000000000000E+00 -6.767478550741E-05  0.000000000000E+00  0.000000000000E+00  0.000000000000E+00
      9     3  0.000000000000E+00  0.000000000000E+00  8.629386871473E-05  0.000000000000E+00  0.000000000000E+00  0.000000000000E+00
      9     2  0.000000000000E+00  0.000000000000E+00 -5.734970133496E-05  0.000000000000E+00  0.000000000000E+00  0.000000000000E+00
      9     1  0.000000000000E+00  0.000000000000E+00  1.179519099348E-04  0.000000000000E+00  0.000000000000E+00  0.000000000000E+00
      9     0  0.000000000000E+00  0.000000000000E+00  6.648487663070E-05  0.000000000000E+00  0.000000000000E+00  0.000000000000E+00
      9    -1  0.000000000000E+00  0.000000000000E+00 -1.982427212437E-04  0.000000000000E+00  0.000000000000E+00  0.000000000000E+00
      9    -2  0.000000000000E+00  0.000000000000E+00 -4.455415551949E-05  0.000000000000E+00  0.000000000000E+00  0.000000000000E+00
      9    -3  0.000000000000E+00  0.000000000000E+00  1.945850231144E-04  0.000000000000E+00  0.000000000000E+00  0.000000000000E+00
      9    -4  0.000000000000E+00  0.000000000000E+00  2.965574697738E-04  0.000000000000E+00  0.000000000000E+00  0.000000000000E+00
      9    -5  0.000000000000E+00  0.000000000000E+00  8.449429065629E-05  0.000000000000E+00  0.000000000000E+00  0.000000000000E+00
      9    -6  0.000000000000E+00  0.000000000000E+00  4.245187612028E-06  0.000000000000E+00  0.000000000000E+00  0.000000000000E+00
      9    -7  0.000000000000E+00  0.000000000000E+00  7.589730353534E-06  0.000000000000E+00  0.000000000000E+00  0.000000000000E+00
      9    -8  0.000000000000E+00  0.000000000000E+00 -7.772067122201E-07  0.000000000000E+00  0.000000000000E+00  0.000000000000E+00
      9    -9  0.000000000000E+00  0.000000000000E+00 -1.031526398938E-06  0.000000000000E+00  0.000000000000E+00  0.000000000000E+00
      9   -10  0.000000000000E+00  0.000000000000E+00  1.911534469126E-06  0.000000000000E+00  0.000000000000E+00  0.000000000000E+00

------ Current Surface: Coil-Plasma separation =   1.000000000000E-01 -----
Number of fourier modes in table
         234
Table of fourier coefficients
m,n,crc2,czs2,crs2,czc2
      0    -8 -2.035249931652E-04  1.336747687089E-04  0.000000000000E+00  0.000000000000E+00
      0    -7  5.111989515702E-05  1.599890324149E-04  0.000000000000E+00  0.000000000000E+00
      0    -6 -5.165871036406E-05  1.065834496335E-04  0.000000000000E+00  0.000000000000E+00
      0    -5  5.352873409661E-05  3.564660998041E-04  0.000000000000E+00  0.000000000000E+00
      0    -4  5.332555174692E-04  5.498157041832E-04  0.000000000000E+00  0.000000000000E+00
      0    -3  1.950975881921E-04 -3.992859452833E-05  0.000000000000E+00  0.000000000000E+00
      0    -2  1.357320481278E-02 -7.698382753848E-03  0.000000000000E+00  0.000000000000E+00
      0    -1  5.968538023553E-01 -3.975871213584E-01  0.000000000000E+00  0.000000000000E+00
      0     0  3.506730603150E+00  0.000000000000E+00  0.000000000000E+00  0.000000000000E+00
      1    -8 -1.062311672212E-04 -1.865103709038E-05  0.000000000000E+00  0.000000000000E+00
      1    -7  6.830907475904E-05  1.287223258733E-04  0.000000000000E+00  0.000000000000E+00
      1    -6  1.323556995659E-04  2.898902484464E-04  0.000000000000E+00  0.000000000000E+00
      1    -4 -1.149059042537E-03  1.821589614574E-03  0.000000000000E+00  0.000000000000E+00
      1    -3  4.607106858335E-03 -4.435415271241E-03  0.000000000000E+00  0.000000000000E+00
      1    -2  1.664720703098E-01 -1.824551812038E-01  0.000000000000E+00  0.000000000000E+00
      1    -1  5.397744542330E-01 -6.340503501017E-01  0.000000000000E+00  0.000000000000E+00
      1     0 -1.222743191389E+00 -1.525869917522E+00  0.000000000000E+00  0.000000000000E+00
      1     1 -1.078209105301E-01 -2.175585161118E-02  0.000000000000E+00  0.000000000000E+00
      1     2  3.342136540628E-02  2.905110942680E-02  0.000000000000E+00  0.000000000000E+00
      1     3  7.317301890679E-04  2.461784178482E-03  0.000000000000E+00  0.000000000000E+00
      1     4  1.093034942321E-03  7.967806014477E-05  0.000000000000E+00  0.000000000000E+00
      1     5 -6.023385392615E-04  4.278366585365E-04  0.000000000000E+00  0.000000000000E+00
      1     6  4.321348897707E-04  3.256255339509E-04  0.000000000000E+00  0.000000000000E+00
      1     7 -2.969045920660E-04 -5.014789592914E-04  0.000000000000E+00  0.000000000000E+00
      2    -7  1.932833639032E-05  1.069970365200E-04  0.000000000000E+00  0.000000000000E+00
      2    -6  2.919839950129E-04 -2.691419529346E-04  0.000000000000E+00  0.000000000000E+00
      2    -5 -6.407293788572E-04  4.891120265886E-04  0.000000000000E+00  0.000000000000E+00
      2    -4 -1.846538741938E-03  1.998309776092E-03  0.000000000000E+00  0.000000000000E+00
      2    -3  6.290731118385E-03 -9.036703640243E-03  0.000000000000E+00  0.000000000000E+00
      2    -2  1.278242845715E-01 -9.737193234728E-02  0.000000000000E+00  0.000000000000E+00
      2    -1  3.491860326630E-01  2.598102895697E-01  0.000000000000E+00  0.000000000000E+00
      2     0  6.260293342651E-02  9.777824967355E-02  0.000000000000E+00  0.000000000000E+00
      2     1  1.209967472839E-02 -1.409272668462E-02  0.000000000000E+00  0.000000000000E+00
      2     2  4.655798676407E-03 -7.171297346261E-04  0.000000000000E+00  0.000000000000E+00
      2     3  2.158038060385E-03  2.804957162921E-03  0.000000000000E+00  0.000000000000E+00
      2     4 -4.654461302172E-04 -1.289060437247E-03  0.000000000000E+00  0.000000000000E+00
      2     5  9.981472677137E-04  1.471907850640E-03  0.000000000000E+00  0.000000000000E+00
      2     6 -4.446058737524E-04 -4.573114395714E-04  0.000000000000E+00  0.000000000000E+00
      2     7 -8.381132435440E-07 -1.467197139277E-04  0.000000000000E+00  0.000000000000E+00
      3    -7 -1.064121851792E-04 -5.431755429650E-05  0.000000000000E+00  0.000000000000E+00
      3    -6  7.969791772169E-05 -3.515923762595E-04  0.000000000000E+00  0.000000000000E+00
      3    -5 -2.215813667370E-04  2.155329314667E-04  0.000000000000E+00  0.000000000000E+00
      3    -4 -3.367485462222E-03  3.170267107568E-03  0.000000000000E+00  0.000000000000E+00
      3    -3  2.960864271107E-03 -4.569571239323E-03  0.000000000000E+00  0.000000000000E+00
      3    -2  2.163582523892E-02 -3.021544408116E-03  0.000000000000E+00  0.000000000000E+00
      3    -1  4.661141205343E-02  8.980926547191E-02  0.000000000000E+00  0.000000000000E+00
      3     0 -1.372050290529E-02  3.514201275798E-03  0.000000000000E+00  0.000000000000E+00
      3     1  2.606044885649E-02  2.590850743389E-03  0.000000000000E+00  0.000000000000E+00
      3     2  2.012086608749E-03  2.559639977611E-02  0.000000000000E+00  0.000000000000E+00
      3     3  8.127932062829E-03 -5.480509290918E-03  0.000000000000E+00  0.000000000000E+00
      3     4 -1.326841169297E-04  1.033382950562E-02  0.000000000000E+00  0.000000000000E+00
      3     5 -1.571103187326E-04 -5.359625780476E-06  0.000000000000E+00  0.000000000000E+00
      3     6 -3.110384151007E-04 -2.175740562466E-04  0.000000000000E+00  0.000000000000E+00
      3     7  2.139994003675E-04  1.403811603502E-04  0.000000000000E+00  0.000000000000E+00
      4    -7 -1.098652104323E-04  1.051950467218E-04  0.000000000000E+00  0.000000000000E+00
      4    -6  3.442319492034E-04 -2.783529659871E-04  0.000000000000E+00  0.000000000000E+00
      4    -5  1.841947468083E-04  1.886980171050E-04  0.000000000000E+00  0.000000000000E+00
      4    -4 -4.921380801419E-03  6.859691431271E-03  0.000000000000E+00  0.000000000000E+00
      4    -3 -2.767767117512E-03 -2.590038730878E-04  0.000000000000E+00  0.000000000000E+00
      4    -2  5.637308740710E-03 -3.009900925742E-03  0.000000000000E+00  0.000000000000E+00
      4    -1 -5.978318990186E-03 -2.452181762514E-03  0.000000000000E+00  0.000000000000E+00
      4     0 -2.457657618072E-03  1.801066665551E-03  0.000000000000E+00  0.000000000000E+00
      4     1  3.147015698541E-03  2.865749615271E-04  0.000000000000E+00  0.000000000000E+00
      4     2 -1.827907642365E-03  1.450635137398E-03  0.000000000000E+00  0.000000000000E+00
      4     3  1.869707516034E-04 -1.407862394563E-03  0.000000000000E+00  0.000000000000E+00
      4     4  1.027377703725E-03  8.530227839400E-04  0.000000000000E+00  0.000000000000E+00
      4     5 -8.015148583083E-04 -4.123150070984E-04  0.000000000000E+00  0.000000000000E+00
      4     6  4.294402972749E-04  3.731136510725E-04  0.000000000000E+00  0.000000000000E+00
      4     7 -1.327659099276E-04 -1.524013803636E-04  0.000000000000E+00  0.000000000000E+00
      5    -7 -6.345657914607E-05  2.714470322970E-04  0.000000000000E+00  0.000000000000E+00
      5    -6  3.061111898108E-04 -4.032196774836E-04  0.000000000000E+00  0.000000000000E+00
      5    -5  1.301757349299E-04  2.981735316610E-05  0.000000000000E+00  0.000000000000E+00
      5    -4 -3.369801262293E-03  4.621541190939E-03  0.000000000000E+00  0.000000000000E+00
      5    -3 -7.024811584056E-03  4.894792056295E-04  0.000000000000E+00  0.000000000000E+00
      5    -2 -8.813054229954E-03 -7.092303690936E-03  0.000000000000E+00  0.000000000000E+00
      5    -1 -1.964404182905E-03  5.979223095701E-04  0.000000000000E+00  0.000000000000E+00
      5     0  1.357998000240E-03  1.380022060178E-03  0.000000000000E+00  0.000000000000E+00
      5     1 -4.786639772287E-04 -1.017905311509E-03  0.000000000000E+00  0.000000000000E+00
      5     2 -2.141655252938E-03  8.859913504299E-05  0.000000000000E+00  0.000000000000E+00
      5     3  1.913585432909E-03  1.220131684640E-05  0.000000000000E+00  0.000000000000E+00
      5     4 -1.257473515914E-03 -5.643183020016E-04  0.000000000000E+00  0.000000000000E+00
      5     5  6.941049040022E-04  4.842333338170E-04  0.000000000000E+00  0.000000000000E+00
      5     6 -2.063087116436E-04 -1.211355514194E-04  0.000000000000E+00  0.000000000000E+00
      6    -7 -2.240300943170E-04  1.462098758542E-04  0.000000000000E+00  0.000000000000E+00
      6    -6 -1.176139321567E-04 -3.033166045051E-04  0.000000000000E+00  0.000000000000E+00
      6    -5  4.114733233906E-04 -1.491974033539E-03  0.000000000000E+00  0.000000000000E+00
      6    -4  8.187524777684E-04  1.495459683903E-03  0.000000000000E+00  0.000000000000E+00
      6    -3 -3.022757058936E-04  2.203141205593E-03  0.000000000000E+00  0.000000000000E+00
      6    -2  3.210619478697E-03  3.199396863319E-03  0.000000000000E+00  0.000000000000E+00
      6    -1  1.660103773838E-03  1.928345983243E-03  0.000000000000E+00  0.000000000000E+00
      6     0 -2.485699718627E-03 -1.380122517169E-03  0.000000000000E+00  0.000000000000E+00
      6     1  4.159805690793E-04 -3.086590507363E-05  0.000000000000E+00  0.000000000000E+00
      6     2  4.741543530289E-04  1.267632200664E-03  0.000000000000E+00  0.000000000000E+00
      6     3 -6.597149616026E-04 -7.154628478956E-04  0.000000000000E+00  0.000000000000E+00
      6     4  6.265356755411E-04  5.040493571035E-04  0.000000000000E+00  0.000000000000E+00
      6     6 -1.264175958845E-04 -6.839329675483E-05  0.000000000000E+00  0.000000000000E+00
      6     7  1.707363614203E-04  1.347553514311E-04  0.000000000000E+00  0.000000000000E+00
      7    -8 -3.641626526776E-05 -1.316791913629E-04  0.000000000000E+00  0.000000000000E+00
      7    -7 -1.492011302780E-04  1.910217512507E-04  0.000000000000E+00  0.000000000000E+00
      7    -6 -4.534997667655E-04  9.583384157678E-05  0.000000000000E+00  0.000000000000E+00
      7    -5  2.615835951360E-04 -1.208914405137E-03  0.000000000000E+00  0.000000000000E+00
      7    -4  2.764877766935E-03  6.371542958063E-04  0.000000000000E+00  0.000000000000E+00
      7    -3  4.531357370692E-03  3.917145247934E-03  0.000000000000E+00  0.000000000000E+00
      7    -2  1.099145691676E-03  6.584151869959E-04  0.000000000000E+00  0.000000000000E+00
      7    -1 -1.627308392639E-03 -8.957009140640E-04  0.000000000000E+00  0.000000000000E+00
      7     0  2.149740770273E-04  5.579645804570E-04  0.000000000000E+00  0.000000000000E+00
      7     1  1.346224640937E-03  5.888341454091E-04  0.000000000000E+00  0.000000000000E+00
      7     2 -1.090656234705E-03 -2.204624823255E-04  0.000000000000E+00  0.000000000000E+00
      7     3  4.878642597556E-04  3.646404617839E-04  0.000000000000E+00  0.000000000000E+00
      7     5 -3.487228726991E-04 -5.251631713714E-05  0.000000000000E+00  0.000000000000E+00
      7     6  3.270418764309E-04  1.090894673718E-04  0.000000000000E+00  0.000000000000E+00
      7     7 -1.806262039498E-04 -4.214517289465E-05  0.000000000000E+00  0.000000000000E+00
      8    -8  1.264330627368E-04 -7.871167305517E-05  0.000000000000E+00  0.000000000000E+00
      8    -7  2.896625222051E-05  3.070556241155E-04  0.000000000000E+00  0.000000000000E+00
      8    -6 -4.853283135063E-04  8.165772024466E-04  0.000000000000E+00  0.000000000000E+00
      8    -5 -9.840368533514E-04 -4.588941896567E-04  0.000000000000E+00  0.000000000000E+00
      8    -4 -7.016425529372E-04 -1.008615650120E-03  0.000000000000E+00  0.000000000000E+00
      8    -3 -2.115607689161E-03 -1.782203515675E-03  0.000000000000E+00  0.000000000000E+00
      8    -2 -1.521942095728E-03 -1.366979099235E-03  0.000000000000E+00  0.000000000000E+00
      8    -1  1.106354242456E-03  9.248645919401E-04  0.000000000000E+00  0.000000000000E+00
      8     0  3.272551302427E-04  5.278191300920E-04  0.000000000000E+00  0.000000000000E+00
      8     1 -8.708353038219E-04 -1.091221548917E-03  0.000000000000E+00  0.000000000000E+00
      8     2  4.286937668002E-04  6.272873634877E-04  0.000000000000E+00  0.000000000000E+00
      8     3 -9.553868592719E-05 -1.739751191311E-04  0.000000000000E+00  0.000000000000E+00
      8     4 -2.583550660035E-04 -1.119427629088E-04  0.000000000000E+00  0.000000000000E+00
      8     5  2.327830646548E-04  1.775305868065E-04  0.000000000000E+00  0.000000000000E+00
      9    -8  7.898519533466E-05 -1.054215243956E-04  0.000000000000E+00  0.000000000000E+00
      9    -7  1.231178210625E-04  1.446617281000E-04  0.000000000000E+00  0.000000000000E+00
      9    -6 -1.583645585357E-04  5.632538945068E-04  0.000000000000E+00  0.000000000000E+00
      9    -5 -1.370430092203E-03 -4.257811617481E-04  0.000000000000E+00  0.000000000000E+00
      9    -4 -2.572875648772E-03 -1.979141096286E-03  0.000000000000E+00  0.000000000000E+00
      9    -3 -9.642725582311E-04 -5.799317058593E-04  0.000000000000E+00  0.000000000000E+00
      9    -2  1.021820086476E-03  7.337462476553E-04  0.000000000000E+00  0.000000000000E+00
      9    -1 -8.478964945532E-05 -1.433568174393E-04  0.000000000000E+00  0.000000000000E+00
      9     0 -1.058051116699E-03 -5.999558941869E-04  0.000000000000E+00  0.000000000000E+00
      9     1  5.518015825001E-04  2.203949857146E-04  0.000000000000E+00  0.000000000000E+00
      9     2 -1.098352536278E-04 -3.852232447894E-05  0.000000000000E+00  0.000000000000E+00
      9     3 -2.058559165811E-04 -1.085164913391E-04  0.000000000000E+00  0.000000000000E+00
      9     4  2.141413253463E-04  1.171397483439E-04  0.000000000000E+00  0.000000000000E+00
      9     7  1.134012298397E-04  1.042184000498E-04  0.000000000000E+00  0.000000000000E+00
     10    -8 -7.372530346368E-05 -1.733556655488E-04  0.000000000000E+00  0.000000000000E+00
     10    -7  1.665744229268E-04 -2.819557444138E-04  0.000000000000E+00  0.000000000000E+00
     10    -6  5.550539725749E-04  1.899131827606E-04  0.000000000000E+00  0.000000000000E+00
     10    -5  5.690856261309E-04  5.680981293564E-04  0.000000000000E+00  0.000000000000E+00
     10    -4  1.266154277753E-03  1.197194648935E-03  0.000000000000E+00  0.000000000000E+00
     10    -3  1.052513727081E-03  1.019072712094E-03  0.000000000000E+00  0.000000000000E+00
     10    -2 -5.904369886055E-04 -5.353496465938E-04  0.000000000000E+00  0.000000000000E+00
     10    -1 -5.203849803804E-04 -4.801833339453E-04  0.000000000000E+00  0.000000000000E+00
     10     0  6.386412023916E-04  7.505211725824E-04  0.000000000000E+00  0.000000000000E+00
     10     1 -8.998971415894E-05 -1.989864730077E-04  0.000000000000E+00  0.000000000000E+00
     10     2 -1.970371648440E-04 -8.495728448920E-05  0.000000000000E+00  0.000000000000E+00
     10     3  3.008149641397E-04  2.365314586511E-04  0.000000000000E+00  0.000000000000E+00
     10     4 -1.386876657596E-04 -1.412124494315E-04  0.000000000000E+00  0.000000000000E+00
     10     6  1.233736905056E-04  5.928565869354E-05  0.000000000000E+00  0.000000000000E+00
     11    -8 -1.008183542338E-04 -8.192904964831E-05  0.000000000000E+00  0.000000000000E+00
     11    -7  4.408051777363E-05 -2.112681384448E-04  0.000000000000E+00  0.000000000000E+00
     11    -6  6.523028300425E-04  2.675890440166E-04  0.000000000000E+00  0.000000000000E+00
     11    -5  1.341899507473E-03  1.056051492825E-03  0.000000000000E+00  0.000000000000E+00
     11    -4  6.017527173957E-04  4.214973730926E-04  0.000000000000E+00  0.000000000000E+00
     11    -3 -6.794696051319E-04 -5.193267388398E-04  0.000000000000E+00  0.000000000000E+00
     11    -1  7.543683059261E-04  5.572601674926E-04  0.000000000000E+00  0.000000000000E+00
     11     0 -2.453111920446E-04 -1.072811362193E-04  0.000000000000E+00  0.000000000000E+00
     11     1 -1.351599877156E-04 -1.194690422518E-04  0.000000000000E+00  0.000000000000E+00
     11     2  2.467105538812E-04  1.950774120219E-04  0.000000000000E+00  0.000000000000E+00
     11     3 -1.392049020928E-04 -8.876604935792E-05  0.000000000000E+00  0.000000000000E+00
     11     5  1.289728796964E-04  1.293835984309E-04  0.000000000000E+00  0.000000000000E+00
     11     6 -1.020675381649E-04 -1.060595534753E-04  0.000000000000E+00  0.000000000000E+00
     12    -9  4.134234852377E-05  1.186661323829E-04  0.000000000000E+00  0.000000000000E+00
     12    -8 -9.643778332448E-05  1.294519849870E-04  0.000000000000E+00  0.000000000000E+00
     12    -7 -3.186098314469E-04 -6.232055681306E-05  0.000000000000E+00  0.000000000000E+00
     12    -6 -4.128859817477E-04 -3.050311905576E-04  0.000000000000E+00  0.000000000000E+00
     12    -5 -8.041306365402E-04 -7.599788681086E-04  0.000000000000E+00  0.000000000000E+00
     12    -4 -7.512082260920E-04 -7.125202688560E-04  0.000000000000E+00  0.000000000000E+00
     12    -3  2.836406207419E-04  3.035817151993E-04  0.000000000000E+00  0.000000000000E+00
     12    -2  4.619862867891E-04  4.132922326096E-04  0.000000000000E+00  0.000000000000E+00
     12    -1 -4.285803395777E-04 -4.628430903302E-04  0.000000000000E+00  0.000000000000E+00
     12     1  2.315348611282E-04  1.605046921989E-04  0.000000000000E+00  0.000000000000E+00
     12     2 -1.894757431413E-04 -1.561444090069E-04  0.000000000000E+00  0.000000000000E+00
     12     4  1.303364369532E-04  7.518163005383E-05  0.000000000000E+00  0.000000000000E+00
     12     5 -1.219183002050E-04 -7.851388134403E-05  0.000000000000E+00  0.000000000000E+00
     13    -7 -3.296793210769E-04 -1.503874863618E-04  0.000000000000E+00  0.000000000000E+00
     13    -6 -7.135742255326E-04 -5.602519202020E-04  0.000000000000E+00  0.000000000000E+00
     13    -5 -3.643383747405E-04 -2.631491035222E-04  0.000000000000E+00  0.000000000000E+00
     13    -4  4.189080169898E-04  3.652038253373E-04  0.000000000000E+00  0.000000000000E+00
     13    -3  1.348305056823E-04  1.132379503800E-04  0.000000000000E+00  0.000000000000E+00
     13    -2 -5.250324107516E-04 -4.270863251903E-04  0.000000000000E+00  0.000000000000E+00
     13     0  2.127814494545E-04  1.926748902760E-04  0.000000000000E+00  0.000000000000E+00
     13     1 -1.945579520004E-04 -1.711151463398E-04  0.000000000000E+00  0.000000000000E+00
     13     3  1.053349929690E-04  9.796909434492E-05  0.000000000000E+00  0.000000000000E+00
     13     4 -1.273116172508E-04 -1.251085397052E-04  0.000000000000E+00  0.000000000000E+00
     14    -8  1.707870230662E-04  2.075475606543E-05  0.000000000000E+00  0.000000000000E+00
     14    -7  2.623240434438E-04  1.766587267446E-04  0.000000000000E+00  0.000000000000E+00
     14    -6  5.031132732375E-04  4.838720034032E-04  0.000000000000E+00  0.000000000000E+00
     14    -5  5.124644340776E-04  4.940837357590E-04  0.000000000000E+00  0.000000000000E+00
     14    -4 -1.318017350628E-04 -1.494880910155E-04  0.000000000000E+00  0.000000000000E+00
     14    -3 -3.657609476324E-04 -3.215393937275E-04  0.000000000000E+00  0.000000000000E+00
     14    -2  2.536283326519E-04  2.754641344559E-04  0.000000000000E+00  0.000000000000E+00
     14    -1  1.653425875471E-04  1.131321201557E-04  0.000000000000E+00  0.000000000000E+00
     14     0 -1.952313339869E-04 -1.519283386934E-04  0.000000000000E+00  0.000000000000E+00
     14     3 -1.271280756231E-04 -8.999726622484E-05  0.000000000000E+00  0.000000000000E+00
     15    -8  1.632910359496E-04  9.106473283323E-05  0.000000000000E+00  0.000000000000E+00
     15    -7  3.739959930417E-04  3.089668490590E-04  0.000000000000E+00  0.000000000000E+00
     15    -6  2.087709021001E-04  1.615074266920E-04  0.000000000000E+00  0.000000000000E+00
     15    -5 -2.648747747132E-04 -2.467042484673E-04  0.000000000000E+00  0.000000000000E+00
     15    -4 -1.382631940161E-04 -1.187489282183E-04  0.000000000000E+00  0.000000000000E+00
     15    -3  3.488728004361E-04  3.095978398567E-04  0.000000000000E+00  0.000000000000E+00
     15    -1 -2.076258943225E-04 -1.870419147387E-04  0.000000000000E+00  0.000000000000E+00
     15     0  1.137173068899E-04  1.115131451627E-04  0.000000000000E+00  0.000000000000E+00
     15     2 -1.152158752978E-04 -1.042944867697E-04  0.000000000000E+00  0.000000000000E+00
     16    -8 -1.644081343174E-04 -9.833350846780E-05  0.000000000000E+00  0.000000000000E+00
     16    -7 -3.143579768568E-04 -2.987303949654E-04  0.000000000000E+00  0.000000000000E+00
     16    -6 -3.436797252805E-04 -3.295484527773E-04  0.000000000000E+00  0.000000000000E+00
     16    -4  2.668756004385E-04  2.433440983387E-04  0.000000000000E+00  0.000000000000E+00
     16    -3 -1.373527972069E-04 -1.493179466613E-04  0.000000000000E+00  0.000000000000E+00
     16    -2 -1.776719995062E-04 -1.435501330499E-04  0.000000000000E+00  0.000000000000E+00
     16    -1  1.369023080587E-04  1.176248123604E-04  0.000000000000E+00  0.000000000000E+00
     17    -8 -1.975501689062E-04 -1.713601518245E-04  0.000000000000E+00  0.000000000000E+00
     17    -7 -1.174290596758E-04 -9.312959043616E-05  0.000000000000E+00  0.000000000000E+00
     17    -6  1.670142873025E-04  1.686655863341E-04  0.000000000000E+00  0.000000000000E+00
     17    -5  1.174749270626E-04  1.061212300877E-04  0.000000000000E+00  0.000000000000E+00
     17    -4 -2.265340552277E-04 -2.107033376074E-04  0.000000000000E+00  0.000000000000E+00
     17    -2  1.671387163879E-04  1.550852317859E-04  0.000000000000E+00  0.000000000000E+00
     18    -8  1.927267852784E-04  1.828500252543E-04  0.000000000000E+00  0.000000000000E+00
     18    -7  2.244414097703E-04  2.180589874267E-04  0.000000000000E+00  0.000000000000E+00
     18    -5 -1.879960172608E-04 -1.761552888127E-04  0.000000000000E+00  0.000000000000E+00
     18    -3  1.573202074381E-04  1.381193599854E-04  0.000000000000E+00  0.000000000000E+00
     19    -9  1.034850409382E-04  9.722006701030E-05  0.000000000000E+00  0.000000000000E+00
     19    -7 -1.070460299878E-04 -1.133855451273E-04  0.000000000000E+00  0.000000000000E+00
     19    -5  1.423185574709E-04  1.386413081346E-04  0.000000000000E+00  0.000000000000E+00
     19    -3 -1.224917851131E-04 -1.160981743181E-04  0.000000000000E+00  0.000000000000E+00
     20    -9 -1.171311843360E-04 -1.100802668147E-04  0.000000000000E+00  0.000000000000E+00
     20    -8 -1.446229498055E-04 -1.420699221308E-04  0.000000000000E+00  0.000000000000E+00
     20    -6  1.283315818878E-04  1.246409817170E-04  0.000000000000E+00  0.000000000000E+00
     20    -4 -1.264638315829E-04 -1.158190163035E-04  0.000000000000E+00  0.000000000000E+00
