fourier
0.000000000000000000e+00 -0.000000000000000000e+00 3.543946993793869016e+00 0.000000000000000000e+00
0.000000000000000000e+00 -1.000000000000000000e+00 1.814284841842228602e-02 2.507224386293695484e-01
0.000000000000000000e+00 -2.000000000000000000e+00 -1.184612839675649038e-01 9.869708255687320575e-02
0.000000000000000000e+00 -3.000000000000000000e+00 -2.609477167429105540e-03 4.109528792787130527e-03
0.000000000000000000e+00 -4.000000000000000000e+00 -1.162105770985388245e-04 2.574603878503983279e-04
0.000000000000000000e+00 -5.000000000000000000e+00 7.322879113419869057e-05 -5.956822380033076884e-05
0.000000000000000000e+00 -6.000000000000000000e+00 2.759879300013197615e-05 -3.058475346100089729e-05
0.000000000000000000e+00 -7.000000000000000000e+00 3.661090462891079406e-06 -5.916148208942660801e-06
0.000000000000000000e+00 -8.000000000000000000e+00 -1.714042074154178863e-07 -4.625633205998357588e-07
0.000000000000000000e+00 -9.000000000000000000e+00 -8.396112151121033273e-08 -2.219949652375483079e-09
0.000000000000000000e+00 -1.000000000000000000e+01 -1.469039828954810256e-07 1.159742767210444581e-07
1.000000000000000000e+00 1.000000000000000000e+01 0.000000000000000000e+00 0.000000000000000000e+00
1.000000000000000000e+00 9.000000000000000000e+00 0.000000000000000000e+00 0.000000000000000000e+00
1.000000000000000000e+00 8.000000000000000000e+00 0.000000000000000000e+00 0.000000000000000000e+00
1.000000000000000000e+00 7.000000000000000000e+00 0.000000000000000000e+00 0.000000000000000000e+00
1.000000000000000000e+00 6.000000000000000000e+00 0.000000000000000000e+00 0.000000000000000000e+00
1.000000000000000000e+00 5.000000000000000000e+00 0.000000000000000000e+00 0.000000000000000000e+00
1.000000000000000000e+00 4.000000000000000000e+00 0.000000000000000000e+00 0.000000000000000000e+00
1.000000000000000000e+00 3.000000000000000000e+00 0.000000000000000000e+00 0.000000000000000000e+00
1.000000000000000000e+00 2.000000000000000000e+00 -1.981305133438198904e-02 -1.815638719521599914e-02
1.000000000000000000e+00 1.000000000000000000e+00 2.374876013410001097e-01 9.804571684332000214e-02
1.000000000000000000e+00 -0.000000000000000000e+00 1.691725836969000030e+00 2.327860682154000216e+00
1.000000000000000000e+00 -1.000000000000000000e+00 -1.008156598544599936e+00 9.398051273602001654e-01
1.000000000000000000e+00 -2.000000000000000000e+00 -9.378179205612000024e-02 7.024469797500000612e-02
1.000000000000000000e+00 -3.000000000000000000e+00 0.000000000000000000e+00 0.000000000000000000e+00
1.000000000000000000e+00 -4.000000000000000000e+00 0.000000000000000000e+00 0.000000000000000000e+00
1.000000000000000000e+00 -5.000000000000000000e+00 0.000000000000000000e+00 0.000000000000000000e+00
1.000000000000000000e+00 -6.000000000000000000e+00 0.000000000000000000e+00 0.000000000000000000e+00
1.000000000000000000e+00 -7.000000000000000000e+00 0.000000000000000000e+00 0.000000000000000000e+00
1.000000000000000000e+00 -8.000000000000000000e+00 0.000000000000000000e+00 0.000000000000000000e+00
1.000000000000000000e+00 -9.000000000000000000e+00 0.000000000000000000e+00 0.000000000000000000e+00
1.000000000000000000e+00 -1.000000000000000000e+01 0.000000000000000000e+00 0.000000000000000000e+00
2.000000000000000000e+00 1.000000000000000000e+01 0.000000000000000000e+00 0.000000000000000000e+00
2.000000000000000000e+00 9.000000000000000000e+00 0.000000000000000000e+00 0.000000000000000000e+00
2.000000000000000000e+00 8.000000000000000000e+00 0.000000000000000000e+00 0.000000000000000000e+00
2.000000000000000000e+00 7.000000000000000000e+00 0.000000000000000000e+00 0.000000000000000000e+00
2.000000000000000000e+00 6.000000000000000000e+00 0.000000000000000000e+00 0.000000000000000000e+00
2.000000000000000000e+00 5.000000000000000000e+00 0.000000000000000000e+00 0.000000000000000000e+00
2.000000000000000000e+00 4.000000000000000000e+00 0.000000000000000000e+00 0.000000000000000000e+00
2.000000000000000000e+00 3.000000000000000000e+00 0.000000000000000000e+00 0.000000000000000000e+00
2.000000000000000000e+00 2.000000000000000000e+00 2.211706228199994840e-03 8.393977709843994731e-03
2.000000000000000000e+00 1.000000000000000000e+00 2.435625664897995025e-03 1.679254511303213560e-03
2.000000000000000000e+00 -0.000000000000000000e+00 1.201988780211000057e-01 1.197949169787199952e-01
2.000000000000000000e+00 -1.000000000000000000e+00 3.732856472057999864e-01 1.295692687153000011e-01
2.000000000000000000e+00 -2.000000000000000000e+00 1.563664168043200076e-01 -8.604184092088000557e-02
2.000000000000000000e+00 -3.000000000000000000e+00 0.000000000000000000e+00 0.000000000000000000e+00
2.000000000000000000e+00 -4.000000000000000000e+00 0.000000000000000000e+00 0.000000000000000000e+00
2.000000000000000000e+00 -5.000000000000000000e+00 0.000000000000000000e+00 0.000000000000000000e+00
2.000000000000000000e+00 -6.000000000000000000e+00 0.000000000000000000e+00 0.000000000000000000e+00
2.000000000000000000e+00 -7.000000000000000000e+00 0.000000000000000000e+00 0.000000000000000000e+00
2.000000000000000000e+00 -8.000000000000000000e+00 0.000000000000000000e+00 0.000000000000000000e+00
2.000000000000000000e+00 -9.000000000000000000e+00 0.000000000000000000e+00 0.000000000000000000e+00
2.000000000000000000e+00 -1.000000000000000000e+01 0.000000000000000000e+00 0.000000000000000000e+00
3.000000000000000000e+00 1.000000000000000000e+01 0.000000000000000000e+00 0.000000000000000000e+00
3.000000000000000000e+00 9.000000000000000000e+00 0.000000000000000000e+00 0.000000000000000000e+00
3.000000000000000000e+00 8.000000000000000000e+00 0.000000000000000000e+00 0.000000000000000000e+00
3.000000000000000000e+00 7.000000000000000000e+00 0.000000000000000000e+00 0.000000000000000000e+00
3.000000000000000000e+00 6.000000000000000000e+00 0.000000000000000000e+00 0.000000000000000000e+00
3.000000000000000000e+00 5.000000000000000000e+00 0.000000000000000000e+00 0.000000000000000000e+00
3.000000000000000000e+00 4.000000000000000000e+00 0.000000000000000000e+00 0.000000000000000000e+00
3.000000000000000000e+00 3.000000000000000000e+00 0.000000000000000000e+00 0.000000000000000000e+00
3.000000000000000000e+00 2.000000000000000000e+00 0.000000000000000000e+00 0.000000000000000000e+00
3.000000000000000000e+00 1.000000000000000000e+00 8.207848325288010730e-04 -1.454805991397000071e-02
3.000000000000000000e+00 -0.000000000000000000e+00 -1.937966484491599958e-02 -1.817558300448399861e-02
3.000000000000000000e+00 -1.000000000000000000e+00 -7.764731305777999859e-02 -2.024411035531999831e-02
3.000000000000000000e+00 -2.000000000000000000e+00 -1.135754977424000001e-01 5.725791707232000260e-02
3.000000000000000000e+00 -3.000000000000000000e+00 1.884437250943999873e-02 2.164340722040000026e-02
3.000000000000000000e+00 -4.000000000000000000e+00 1.372454827022200063e-02 -3.069367238247999816e-03
3.000000000000000000e+00 -5.000000000000000000e+00 0.000000000000000000e+00 0.000000000000000000e+00
3.000000000000000000e+00 -6.000000000000000000e+00 0.000000000000000000e+00 0.000000000000000000e+00
3.000000000000000000e+00 -7.000000000000000000e+00 0.000000000000000000e+00 0.000000000000000000e+00
3.000000000000000000e+00 -8.000000000000000000e+00 0.000000000000000000e+00 0.000000000000000000e+00
3.000000000000000000e+00 -9.000000000000000000e+00 0.000000000000000000e+00 0.000000000000000000e+00
3.000000000000000000e+00 -1.000000000000000000e+01 0.000000000000000000e+00 0.000000000000000000e+00
4.000000000000000000e+00 1.000000000000000000e+01 0.000000000000000000e+00 0.000000000000000000e+00
4.000000000000000000e+00 9.000000000000000000e+00 0.000000000000000000e+00 0.000000000000000000e+00
4.000000000000000000e+00 8.000000000000000000e+00 0.000000000000000000e+00 0.000000000000000000e+00
4.000000000000000000e+00 7.000000000000000000e+00 0.000000000000000000e+00 0.000000000000000000e+00
4.000000000000000000e+00 6.000000000000000000e+00 0.000000000000000000e+00 0.000000000000000000e+00
4.000000000000000000e+00 5.000000000000000000e+00 0.000000000000000000e+00 0.000000000000000000e+00
4.000000000000000000e+00 4.000000000000000000e+00 0.000000000000000000e+00 0.000000000000000000e+00
4.000000000000000000e+00 3.000000000000000000e+00 0.000000000000000000e+00 0.000000000000000000e+00
4.000000000000000000e+00 2.000000000000000000e+00 0.000000000000000000e+00 0.000000000000000000e+00
4.000000000000000000e+00 1.000000000000000000e+00 0.000000000000000000e+00 0.000000000000000000e+00
4.000000000000000000e+00 -0.000000000000000000e+00 0.000000000000000000e+00 0.000000000000000000e+00
4.000000000000000000e+00 -1.000000000000000000e+00 0.000000000000000000e+00 0.000000000000000000e+00
4.000000000000000000e+00 -2.000000000000000000e+00 0.000000000000000000e+00 0.000000000000000000e+00
4.000000000000000000e+00 -3.000000000000000000e+00 0.000000000000000000e+00 0.000000000000000000e+00
4.000000000000000000e+00 -4.000000000000000000e+00 0.000000000000000000e+00 0.000000000000000000e+00
4.000000000000000000e+00 -5.000000000000000000e+00 0.000000000000000000e+00 0.000000000000000000e+00
4.000000000000000000e+00 -6.000000000000000000e+00 0.000000000000000000e+00 0.000000000000000000e+00
4.000000000000000000e+00 -7.000000000000000000e+00 0.000000000000000000e+00 0.000000000000000000e+00
4.000000000000000000e+00 -8.000000000000000000e+00 0.000000000000000000e+00 0.000000000000000000e+00
4.000000000000000000e+00 -9.000000000000000000e+00 0.000000000000000000e+00 0.000000000000000000e+00
4.000000000000000000e+00 -1.000000000000000000e+01 0.000000000000000000e+00 0.000000000000000000e+00
5.000000000000000000e+00 1.000000000000000000e+01 0.000000000000000000e+00 0.000000000000000000e+00
5.000000000000000000e+00 9.000000000000000000e+00 0.000000000000000000e+00 0.000000000000000000e+00
5.000000000000000000e+00 8.000000000000000000e+00 0.000000000000000000e+00 0.000000000000000000e+00
5.000000000000000000e+00 7.000000000000000000e+00 0.000000000000000000e+00 0.000000000000000000e+00
5.000000000000000000e+00 6.000000000000000000e+00 0.000000000000000000e+00 0.000000000000000000e+00
5.000000000000000000e+00 5.000000000000000000e+00 0.000000000000000000e+00 0.000000000000000000e+00
5.000000000000000000e+00 4.000000000000000000e+00 0.000000000000000000e+00 0.000000000000000000e+00
5.000000000000000000e+00 3.000000000000000000e+00 0.000000000000000000e+00 0.000000000000000000e+00
5.000000000000000000e+00 2.000000000000000000e+00 0.000000000000000000e+00 0.000000000000000000e+00
5.000000000000000000e+00 1.000000000000000000e+00 0.000000000000000000e+00 0.000000000000000000e+00
5.000000000000000000e+00 -0.000000000000000000e+00 0.000000000000000000e+00 0.000000000000000000e+00
5.000000000000000000e+00 -1.000000000000000000e+00 0.000000000000000000e+00 0.000000000000000000e+00
5.000000000000000000e+00 -2.000000000000000000e+00 0.000000000000000000e+00 0.000000000000000000e+00
5.000000000000000000e+00 -3.000000000000000000e+00 0.000000000000000000e+00 0.000000000000000000e+00
5.000000000000000000e+00 -4.000000000000000000e+00 0.000000000000000000e+00 0.000000000000000000e+00
5.000000000000000000e+00 -5.000000000000000000e+00 0.000000000000000000e+00 0.000000000000000000e+00
5.000000000000000000e+00 -6.000000000000000000e+00 0.000000000000000000e+00 0.000000000000000000e+00
5.000000000000000000e+00 -7.000000000000000000e+00 0.000000000000000000e+00 0.000000000000000000e+00
5.000000000000000000e+00 -8.000000000000000000e+00 0.000000000000000000e+00 0.000000000000000000e+00
5.000000000000000000e+00 -9.000000000000000000e+00 0.000000000000000000e+00 0.000000000000000000e+00
5.000000000000000000e+00 -1.000000000000000000e+01 0.000000000000000000e+00 0.000000000000000000e+00
6.000000000000000000e+00 1.000000000000000000e+01 0.000000000000000000e+00 0.000000000000000000e+00
6.000000000000000000e+00 9.000000000000000000e+00 0.000000000000000000e+00 0.000000000000000000e+00
6.000000000000000000e+00 8.000000000000000000e+00 0.000000000000000000e+00 0.000000000000000000e+00
6.000000000000000000e+00 7.000000000000000000e+00 0.000000000000000000e+00 0.000000000000000000e+00
6.000000000000000000e+00 6.000000000000000000e+00 0.000000000000000000e+00 0.000000000000000000e+00
6.000000000000000000e+00 5.000000000000000000e+00 0.000000000000000000e+00 0.000000000000000000e+00
6.000000000000000000e+00 4.000000000000000000e+00 0.000000000000000000e+00 0.000000000000000000e+00
6.000000000000000000e+00 3.000000000000000000e+00 0.000000000000000000e+00 0.000000000000000000e+00
6.000000000000000000e+00 2.000000000000000000e+00 0.000000000000000000e+00 0.000000000000000000e+00
6.000000000000000000e+00 1.000000000000000000e+00 0.000000000000000000e+00 0.000000000000000000e+00
6.000000000000000000e+00 -0.000000000000000000e+00 0.000000000000000000e+00 0.000000000000000000e+00
6.000000000000000000e+00 -1.000000000000000000e+00 0.000000000000000000e+00 0.000000000000000000e+00
6.000000000000000000e+00 -2.000000000000000000e+00 0.000000000000000000e+00 0.000000000000000000e+00
6.000000000000000000e+00 -3.000000000000000000e+00 0.000000000000000000e+00 0.000000000000000000e+00
6.000000000000000000e+00 -4.000000000000000000e+00 0.000000000000000000e+00 0.000000000000000000e+00
6.000000000000000000e+00 -5.000000000000000000e+00 0.000000000000000000e+00 0.000000000000000000e+00
6.000000000000000000e+00 -6.000000000000000000e+00 0.000000000000000000e+00 0.000000000000000000e+00
6.000000000000000000e+00 -7.000000000000000000e+00 0.000000000000000000e+00 0.000000000000000000e+00
6.000000000000000000e+00 -8.000000000000000000e+00 0.000000000000000000e+00 0.000000000000000000e+00
6.000000000000000000e+00 -9.000000000000000000e+00 0.000000000000000000e+00 0.000000000000000000e+00
6.000000000000000000e+00 -1.000000000000000000e+01 0.000000000000000000e+00 0.000000000000000000e+00
7.000000000000000000e+00 1.000000000000000000e+01 0.000000000000000000e+00 0.000000000000000000e+00
7.000000000000000000e+00 9.000000000000000000e+00 0.000000000000000000e+00 0.000000000000000000e+00
7.000000000000000000e+00 8.000000000000000000e+00 0.000000000000000000e+00 0.000000000000000000e+00
7.000000000000000000e+00 7.000000000000000000e+00 0.000000000000000000e+00 0.000000000000000000e+00
7.000000000000000000e+00 6.000000000000000000e+00 0.000000000000000000e+00 0.000000000000000000e+00
7.000000000000000000e+00 5.000000000000000000e+00 0.000000000000000000e+00 0.000000000000000000e+00
7.000000000000000000e+00 4.000000000000000000e+00 0.000000000000000000e+00 0.000000000000000000e+00
7.000000000000000000e+00 3.000000000000000000e+00 0.000000000000000000e+00 0.000000000000000000e+00
7.000000000000000000e+00 2.000000000000000000e+00 0.000000000000000000e+00 0.000000000000000000e+00
7.000000000000000000e+00 1.000000000000000000e+00 0.000000000000000000e+00 0.000000000000000000e+00
7.000000000000000000e+00 -0.000000000000000000e+00 0.000000000000000000e+00 0.000000000000000000e+00
7.000000000000000000e+00 -1.000000000000000000e+00 0.000000000000000000e+00 0.000000000000000000e+00
7.000000000000000000e+00 -2.000000000000000000e+00 0.000000000000000000e+00 0.000000000000000000e+00
7.000000000000000000e+00 -3.000000000000000000e+00 0.000000000000000000e+00 0.000000000000000000e+00
7.000000000000000000e+00 -4.000000000000000000e+00 0.000000000000000000e+00 0.000000000000000000e+00
7.000000000000000000e+00 -5.000000000000000000e+00 0.000000000000000000e+00 0.000000000000000000e+00
7.000000000000000000e+00 -6.000000000000000000e+00 0.000000000000000000e+00 0.000000000000000000e+00
7.000000000000000000e+00 -7.000000000000000000e+00 0.000000000000000000e+00 0.000000000000000000e+00
7.000000000000000000e+00 -8.000000000000000000e+00 0.000000000000000000e+00 0.000000000000000000e+00
7.000000000000000000e+00 -9.000000000000000000e+00 0.000000000000000000e+00 0.000000000000000000e+00
7.000000000000000000e+00 -1.000000000000000000e+01 0.000000000000000000e+00 0.000000000000000000e+00
8.000000000000000000e+00 1.000000000000000000e+01 0.000000000000000000e+00 0.000000000000000000e+00
8.000000000000000000e+00 9.000000000000000000e+00 0.000000000000000000e+00 0.000000000000000000e+00
8.000000000000000000e+00 8.000000000000000000e+00 0.000000000000000000e+00 0.000000000000000000e+00
8.000000000000000000e+00 7.000000000000000000e+00 0.000000000000000000e+00 0.000000000000000000e+00
8.000000000000000000e+00 6.000000000000000000e+00 0.000000000000000000e+00 0.000000000000000000e+00
8.000000000000000000e+00 5.000000000000000000e+00 0.000000000000000000e+00 0.000000000000000000e+00
8.000000000000000000e+00 4.000000000000000000e+00 0.000000000000000000e+00 0.000000000000000000e+00
8.000000000000000000e+00 3.000000000000000000e+00 0.000000000000000000e+00 0.000000000000000000e+00
8.000000000000000000e+00 2.000000000000000000e+00 0.000000000000000000e+00 0.000000000000000000e+00
8.000000000000000000e+00 1.000000000000000000e+00 0.000000000000000000e+00 0.000000000000000000e+00
8.000000000000000000e+00 -0.000000000000000000e+00 0.000000000000000000e+00 0.000000000000000000e+00
8.000000000000000000e+00 -1.000000000000000000e+00 0.000000000000000000e+00 0.000000000000000000e+00
8.000000000000000000e+00 -2.000000000000000000e+00 0.000000000000000000e+00 0.000000000000000000e+00
8.000000000000000000e+00 -3.000000000000000000e+00 0.000000000000000000e+00 0.000000000000000000e+00
8.000000000000000000e+00 -4.000000000000000000e+00 0.000000000000000000e+00 0.000000000000000000e+00
8.000000000000000000e+00 -5.000000000000000000e+00 0.000000000000000000e+00 0.000000000000000000e+00
8.000000000000000000e+00 -6.000000000000000000e+00 0.000000000000000000e+00 0.000000000000000000e+00
8.000000000000000000e+00 -7.000000000000000000e+00 0.000000000000000000e+00 0.000000000000000000e+00
8.000000000000000000e+00 -8.000000000000000000e+00 0.000000000000000000e+00 0.000000000000000000e+00
8.000000000000000000e+00 -9.000000000000000000e+00 0.000000000000000000e+00 0.000000000000000000e+00
8.000000000000000000e+00 -1.000000000000000000e+01 0.000000000000000000e+00 0.000000000000000000e+00
9.000000000000000000e+00 1.000000000000000000e+01 0.000000000000000000e+00 0.000000000000000000e+00
9.000000000000000000e+00 9.000000000000000000e+00 0.000000000000000000e+00 0.000000000000000000e+00
9.000000000000000000e+00 8.000000000000000000e+00 0.000000000000000000e+00 0.000000000000000000e+00
9.000000000000000000e+00 7.000000000000000000e+00 0.000000000000000000e+00 0.000000000000000000e+00
9.000000000000000000e+00 6.000000000000000000e+00 0.000000000000000000e+00 0.000000000000000000e+00
9.000000000000000000e+00 5.000000000000000000e+00 0.000000000000000000e+00 0.000000000000000000e+00
9.000000000000000000e+00 4.000000000000000000e+00 0.000000000000000000e+00 0.000000000000000000e+00
9.000000000000000000e+00 3.000000000000000000e+00 0.000000000000000000e+00 0.000000000000000000e+00
9.000000000000000000e+00 2.000000000000000000e+00 0.000000000000000000e+00 0.000000000000000000e+00
9.000000000000000000e+00 1.000000000000000000e+00 0.000000000000000000e+00 0.000000000000000000e+00
9.000000000000000000e+00 -0.000000000000000000e+00 0.000000000000000000e+00 0.000000000000000000e+00
9.000000000000000000e+00 -1.000000000000000000e+00 0.000000000000000000e+00 0.000000000000000000e+00
9.000000000000000000e+00 -2.000000000000000000e+00 0.000000000000000000e+00 0.000000000000000000e+00
9.000000000000000000e+00 -3.000000000000000000e+00 0.000000000000000000e+00 0.000000000000000000e+00
9.000000000000000000e+00 -4.000000000000000000e+00 0.000000000000000000e+00 0.000000000000000000e+00
9.000000000000000000e+00 -5.000000000000000000e+00 0.000000000000000000e+00 0.000000000000000000e+00
9.000000000000000000e+00 -6.000000000000000000e+00 0.000000000000000000e+00 0.000000000000000000e+00
9.000000000000000000e+00 -7.000000000000000000e+00 0.000000000000000000e+00 0.000000000000000000e+00
9.000000000000000000e+00 -8.000000000000000000e+00 0.000000000000000000e+00 0.000000000000000000e+00
9.000000000000000000e+00 -9.000000000000000000e+00 0.000000000000000000e+00 0.000000000000000000e+00
9.000000000000000000e+00 -1.000000000000000000e+01 0.000000000000000000e+00 0.000000000000000000e+00
